// MilkShape 3D ASCII

Frames: 30
Frame: 1

Meshes: 5
"inkblack arrow mesh border of life" 0 0
106
3 0.000000 -5.137908 0.000000 0.000000 1.000000 -1
3 -9.660185 4.522276 -0.000000 1.000000 1.000000 -1
3 -11.510276 6.948467 -0.000000 1.000000 0.000000 -1
3 0.000846 -7.709101 0.000002 0.000000 0.000000 -1
3 9.660185 4.522276 -0.000000 0.000000 1.000000 -1
3 0.000000 -5.137908 0.000000 1.000000 1.000000 -1
3 0.000846 -7.709101 0.000002 1.000000 0.000000 -1
3 11.511969 6.948467 -0.000000 0.000000 0.000000 -1
3 -11.808359 3.167025 -0.000638 0.000000 1.000000 -1
3 0.000000 -8.641335 0.000690 1.000000 1.000000 -1
3 -11.510276 6.948467 -0.000000 0.000000 0.000000 -1
3 0.000000 -8.641335 0.000690 0.000000 1.000000 -1
3 11.808358 3.167025 0.001322 1.000000 1.000000 -1
3 11.511969 6.948467 -0.000000 1.000000 0.000000 -1
3 -8.816691 30.358658 -0.000008 0.999451 1.000549 -1
3 -10.627589 32.821732 -0.000008 1.000549 0.000549 -1
3 -11.251744 32.563202 -0.000008 0.000549 -0.000549 -1
3 -9.413133 30.111605 -0.000008 -0.000549 0.999451 -1
3 -9.413133 30.111605 -0.000008 0.999451 1.000549 -1
3 -11.251744 32.563202 -0.000008 1.000549 0.000549 -1
3 -11.510276 31.939047 -0.000008 0.000549 -0.000549 -1
3 -9.660185 29.515165 -0.000008 -0.000549 0.999451 -1
3 -9.660185 4.522276 -0.000000 0.000000 1.000000 -1
3 -9.660185 29.515165 -0.000008 1.000000 1.000000 -1
3 -11.510276 31.939047 -0.000008 1.000000 0.000000 -1
3 -8.816691 30.358658 -0.000008 0.000000 1.000000 -1
3 0.000000 30.358658 -0.000008 1.000000 1.000000 -1
3 0.000846 32.821732 -0.000008 1.000000 0.000000 -1
3 -10.627589 32.821732 -0.000008 0.000000 0.000000 -1
3 10.629295 32.821732 -0.000008 0.001833 -0.001826 -1
3 8.710303 30.358658 -0.000008 -0.001826 0.998167 -1
3 9.381970 30.080444 -0.000008 0.998167 1.001826 -1
3 11.253428 32.530594 -0.000008 1.001826 0.001833 -1
3 11.253428 32.530594 -0.000008 0.001833 -0.001826 -1
3 9.381970 30.080444 -0.000008 -0.001826 0.998167 -1
3 9.660185 29.408775 -0.000008 0.998167 1.001826 -1
3 11.511969 31.939068 -0.000008 1.001826 0.001833 -1
3 9.660185 29.408775 -0.000008 0.000000 1.000000 -1
3 9.660185 4.522276 -0.000000 1.000000 1.000000 -1
3 11.511969 31.939068 -0.000008 0.000000 0.000000 -1
3 0.000000 30.358658 -0.000008 0.000000 1.000000 -1
3 8.710303 30.358658 -0.000008 1.000000 1.000000 -1
3 10.629295 32.821732 -0.000008 1.000000 0.000000 -1
3 0.000846 32.821732 -0.000008 0.000000 0.000000 -1
3 17.845266 12.816108 0.008903 0.001833 -0.001826 -1
3 18.107325 9.593791 0.009567 -0.001826 0.998167 -1
3 18.728676 9.856913 0.011071 0.998167 1.001826 -1
3 18.495491 13.091455 0.010303 1.001826 0.001833 -1
3 18.495491 13.091455 0.010303 0.001833 -0.001826 -1
3 18.728676 9.856913 0.011071 -0.001826 0.998167 -1
3 19.351349 9.596938 0.013554 0.998167 1.001826 -1
3 19.147097 12.819401 0.012584 1.001826 0.001833 -1
3 11.808358 3.167025 0.001322 0.000000 1.000000 -1
3 18.107325 9.593791 0.009567 1.000000 1.000000 -1
3 17.845266 12.816108 0.008903 1.000000 0.000000 -1
3 -19.114504 12.850600 -0.000003 0.001833 -0.001826 -1
3 -19.321814 9.626741 0.000752 -0.001826 0.998167 -1
3 -18.728626 9.874414 0.000671 0.998167 1.001826 -1
3 -18.493755 13.109779 -0.000004 1.001826 0.001833 -1
3 -18.493755 13.109779 -0.000004 0.001833 -0.001826 -1
3 -18.728626 9.874414 0.000671 -0.001826 0.998167 -1
3 -18.136694 9.623753 0.000571 0.998167 1.001826 -1
3 -17.874317 12.847473 -0.000003 1.001826 0.001833 -1
3 -18.136694 9.623753 0.000571 0.000000 1.000000 -1
3 -11.808359 3.167025 -0.000638 1.000000 1.000000 -1
3 -17.874317 12.847473 -0.000003 0.000000 0.000000 -1
3 -31.977991 -2.259821 0.000001 0.001833 -0.001826 -1
3 -28.954491 -1.821586 0.001868 -0.001826 0.998167 -1
3 -29.309786 -0.965029 0.001893 0.998167 1.001826 -1
3 -32.349792 -1.363462 0.000000 1.001826 0.001833 -1
3 -32.349792 -1.363462 0.000000 0.001833 -0.001826 -1
3 -29.309786 -0.965029 0.001893 -0.001826 0.998167 -1
3 -28.958536 -0.106803 0.001847 0.998167 1.001826 -1
3 -31.982225 -0.465359 0.000000 1.001826 0.001833 -1
3 -28.958536 -0.106803 0.001847 0.000000 1.000000 -1
3 -19.321814 9.626741 0.000752 1.000000 1.000000 -1
3 -19.114504 12.850600 -0.000003 1.000000 0.000000 -1
3 -31.982225 -0.465359 0.000000 0.000000 0.000000 -1
3 -1.023354 -29.768257 -0.000589 0.999451 1.000549 -1
3 -1.070064 -33.184944 0.000010 1.000549 0.000549 -1
3 0.000847 -33.628773 0.000667 0.000549 -0.000549 -1
3 0.000006 -30.192383 0.000026 -0.000549 0.999451 -1
3 0.000006 -30.192383 0.000026 0.999451 1.000549 -1
3 0.000847 -33.628773 0.000667 1.000549 0.000549 -1
3 1.071759 -33.184948 0.002250 0.000549 -0.000549 -1
3 1.023367 -29.768261 0.001638 -0.000549 0.999451 -1
3 -1.023354 -29.768257 -0.000589 0.000000 1.000000 -1
3 -28.954491 -1.821586 0.001868 1.000000 1.000000 -1
3 -31.977991 -2.259821 0.000001 1.000000 0.000000 -1
3 -1.070064 -33.184944 0.000010 0.000000 0.000000 -1
3 28.777922 -1.998458 0.064468 1.000232 0.999768 -1
3 31.794924 -2.444906 0.066492 0.999768 -0.000232 -1
3 32.243610 -1.363211 0.066688 -0.000232 0.000232 -1
3 29.206688 -0.964795 0.064588 0.000232 1.000232 -1
3 29.206688 -0.964795 0.064588 1.000232 0.999768 -1
3 32.243610 -1.363211 0.066688 0.999768 -0.000232 -1
3 31.800037 -0.279417 0.063970 -0.000232 0.000232 -1
3 28.782810 0.070875 0.061575 0.000232 1.000232 -1
3 28.777922 -1.998458 0.064468 0.000000 1.000000 -1
3 1.023367 -29.768261 0.001638 1.000000 1.000000 -1
3 1.071759 -33.184948 0.002250 1.000000 0.000000 -1
3 31.794924 -2.444906 0.066492 0.000000 0.000000 -1
3 19.351349 9.596938 0.013554 0.000000 1.000000 -1
3 28.782810 0.070875 0.061575 1.000000 1.000000 -1
3 31.800037 -0.279417 0.063970 1.000000 0.000000 -1
3 19.147097 12.819401 0.012584 0.000000 0.000000 -1
30
-0.000000 -0.000000 1.000000
-0.000200 0.000200 1.000000
-0.000700 0.000100 1.000000
-0.000300 0.000200 1.000000
-0.000800 0.000300 1.000000
-0.002000 0.000100 1.000000
-0.001800 0.000100 1.000000
-0.003000 -0.000000 1.000000
-0.002900 0.001300 1.000000
-0.003400 0.000500 1.000000
-0.000100 0.000300 1.000000
-0.000300 0.000400 1.000000
0.000100 0.000200 1.000000
0.000100 0.000100 1.000000
-0.000400 -0.000200 1.000000
-0.000300 -0.000200 1.000000
-0.000600 -0.000000 1.000000
-0.000500 0.000400 1.000000
-0.000600 0.000300 1.000000
-0.000300 -0.000100 1.000000
-0.000400 0.000100 1.000000
-0.001100 0.000200 1.000000
-0.001600 -0.000000 1.000000
-0.001600 -0.000300 1.000000
-0.001200 -0.000300 1.000000
-0.001000 -0.000100 1.000000
-0.000600 0.001200 1.000000
-0.000500 0.001400 1.000000
-0.000900 0.002400 1.000000
-0.001900 0.002100 1.000000
56
3 0 1 2 0 0 0 1
3 0 2 3 0 0 1 1
3 4 5 6 0 0 1 1
3 4 6 7 0 1 2 1
3 8 9 6 0 3 1 1
3 8 6 10 0 1 0 1
3 11 12 13 3 4 2 1
3 11 13 3 3 2 1 1
3 14 15 16 0 0 0 1
3 14 16 17 0 0 0 1
3 18 19 20 0 0 0 1
3 18 20 21 0 0 0 1
3 22 23 24 0 0 0 1
3 22 24 10 0 0 0 1
3 25 26 27 0 0 0 1
3 25 27 28 0 0 0 1
3 29 30 31 0 0 0 1
3 29 31 32 0 0 0 1
3 33 34 35 0 0 0 1
3 33 35 36 0 0 0 1
3 37 38 13 0 0 2 1
3 37 13 39 0 2 0 1
3 40 41 42 0 0 0 1
3 40 42 43 0 0 0 1
3 44 45 46 5 6 7 1
3 44 46 47 5 7 7 1
3 48 49 50 7 7 8 1
3 48 50 51 7 8 9 1
3 52 53 54 4 6 5 1
3 52 54 7 4 5 2 1
3 55 56 57 10 11 12 1
3 55 57 58 10 12 12 1
3 59 60 61 12 12 13 1
3 59 61 62 12 13 13 1
3 63 64 2 13 0 0 1
3 63 2 65 13 0 13 1
3 66 67 68 14 15 16 1
3 66 68 69 14 16 16 1
3 70 71 72 16 16 17 1
3 70 72 73 16 17 18 1
3 74 75 76 17 11 10 1
3 74 76 77 17 10 18 1
3 78 79 80 19 20 21 1
3 78 80 81 19 21 21 1
3 82 83 84 21 21 22 1
3 82 84 85 21 22 23 1
3 86 87 88 19 15 14 1
3 86 88 89 19 14 20 1
3 90 91 92 24 25 26 1
3 90 92 93 24 26 27 1
3 94 95 96 27 26 28 1
3 94 96 97 27 28 29 1
3 98 99 100 24 23 22 1
3 98 100 101 24 22 25 1
3 102 103 104 8 29 28 1
3 102 104 105 8 28 9 1
"amethyst back" 0 1
25
0 0.000000 -6.000000 0.000000 0.281250 0.500000 -1
0 10.000000 4.000000 -0.000000 0.281250 0.500000 -1
0 0.000000 -1.757360 0.000001 0.130164 0.481917 -1
0 10.000000 30.500000 -0.000004 0.281250 0.500000 -1
0 7.000000 27.500000 -0.000003 0.016004 0.382888 -1
0 -10.000000 4.000000 -0.000000 0.281250 0.500000 -1
0 -7.000000 5.242640 0.000001 0.102693 0.580211 -1
0 -7.000000 27.500000 -0.000003 0.015750 0.579762 -1
0 0.000000 30.500000 -0.000004 0.281250 0.500000 -1
0 -10.000000 30.500000 -0.000004 0.281250 0.500000 -1
0 0.000000 27.500000 -0.000003 0.015877 0.481326 -1
0 25.757359 -1.000000 -0.000000 0.162918 0.224425 -1
0 18.500000 10.500000 -0.000002 0.281250 0.500000 -1
0 18.500000 6.257360 -0.000001 0.099703 0.294042 -1
0 0.000000 -12.242639 0.000001 0.148999 0.473090 -1
0 0.000000 -26.757359 0.000004 0.231552 0.473712 -1
0 0.000000 -31.000000 0.000004 0.000000 1.000000 -1
0 -30.000000 -1.000000 0.000000 0.281250 0.500000 -1
0 -25.757359 -1.000000 -0.000000 0.165064 0.723093 -1
0 -18.500000 10.500000 -0.000002 0.000000 1.000000 -1
0 -18.500000 6.257360 -0.000001 0.101398 0.655140 -1
0 7.000000 5.242640 0.000001 0.102947 0.383338 -1
0 0.000000 -8.000000 0.000002 0.000000 1.000000 -1
0 0.000000 -26.757359 0.000004 0.232057 0.472028 -1
0 30.000000 -1.000000 0.000000 0.281250 0.500000 -1
1
-0.000000 -0.000000 1.000000
24
0 0 1 2 0 0 0 1
0 3 4 1 0 0 0 1
0 0 2 5 0 0 0 1
0 5 6 7 0 0 0 1
0 8 9 7 0 0 0 1
0 8 10 4 0 0 0 1
0 11 12 13 0 0 0 1
0 13 12 14 0 0 0 1
0 11 15 16 0 0 0 1
0 17 16 18 0 0 0 1
0 18 19 17 0 0 0 1
0 20 14 19 0 0 0 1
0 4 3 8 0 0 0 1
0 7 10 8 0 0 0 1
0 7 9 5 0 0 0 1
0 4 21 1 0 0 0 1
0 1 21 2 0 0 0 1
0 2 6 5 0 0 0 1
0 12 22 14 0 0 0 1
0 14 22 19 0 0 0 1
0 19 18 20 0 0 0 1
0 16 23 18 0 0 0 1
0 16 24 11 0 0 0 1
0 12 11 24 0 0 0 1
"default" 0 1
148
0 -18.500000 6.257360 7.319755 0.084477 0.006388 -1
0 0.000000 -12.242639 7.319756 0.082441 0.006494 -1
0 0.000000 -11.263569 6.858219 0.095921 0.006489 -1
0 -18.500000 7.236432 6.858217 0.097957 0.006383 -1
0 0.000000 -27.736431 6.858221 0.246297 0.006539 -1
0 26.736431 -1.000000 6.858217 0.246297 0.006387 -1
0 25.757359 -0.999999 7.319755 0.235879 0.006390 -1
0 0.000000 -27.736431 6.858221 0.244958 0.006539 -1
0 25.757359 -0.999999 7.319755 0.234540 0.006389 -1
0 0.000000 -26.757359 7.319759 0.234540 0.006536 -1
0 26.736431 -1.000000 6.858217 0.242288 0.006379 -1
0 18.500000 7.236432 6.858217 0.160478 0.006380 -1
0 18.500000 6.257360 7.319755 0.165388 0.006391 -1
0 25.757359 -0.999999 7.319755 0.237473 0.006390 -1
0 -25.757359 -0.999999 7.319755 0.009533 0.006389 -1
0 -18.500000 6.257360 7.319755 0.083702 0.006389 -1
0 -18.500000 7.236432 6.858217 0.097182 0.006384 -1
0 -26.736431 -1.000000 6.858217 0.008807 0.006376 -1
0 18.500000 7.236432 6.858217 0.154839 0.006386 -1
0 0.000000 -11.263569 6.858219 0.154715 0.006492 -1
0 0.000000 -12.242639 7.319756 0.165130 0.006495 -1
0 18.500000 6.257360 7.319755 0.165254 0.006388 -1
0 0.000000 -26.757359 7.319759 0.010120 0.006535 -1
0 -25.757359 -0.999999 7.319755 0.010120 0.006391 -1
0 -26.736431 -1.000000 6.858217 0.000969 0.006371 -1
0 0.000000 -26.757359 7.319759 0.003602 0.006371 -1
0 -26.736431 -1.000000 6.858217 0.002978 0.006528 -1
0 0.000000 -27.736431 6.858221 0.010729 0.006533 -1
0 0.000000 -30.271166 2.556633 0.281250 0.006459 -1
0 0.000000 -31.000000 0.000004 0.281250 0.006459 -1
0 30.000000 -1.000000 0.000000 0.281250 0.006459 -1
0 29.271166 -1.000000 2.556629 0.281250 0.006459 -1
0 18.500000 9.771165 2.556628 0.281250 0.006459 -1
0 18.500000 10.500000 -0.000002 0.281250 0.006459 -1
0 0.000000 -8.000000 0.000002 0.281250 0.006459 -1
0 0.000000 -8.728835 2.556631 0.281250 0.006459 -1
0 -18.500000 10.500000 -0.000002 0.281250 0.006459 -1
0 -18.500000 9.771165 2.556628 0.281250 0.006459 -1
0 -29.271166 -1.000000 2.556629 0.281250 0.006459 -1
0 -30.000000 -1.000000 0.000000 0.281250 0.006459 -1
0 7.692307 4.955877 6.858217 0.178460 0.006481 -1
0 7.692307 28.192308 6.858213 0.178351 0.006388 -1
0 7.000000 27.500000 7.319751 0.173366 0.006391 -1
0 7.000000 5.242640 7.319755 0.173471 0.006480 -1
0 0.000000 28.192308 6.858213 0.124760 0.006383 -1
0 -7.692307 28.192308 6.858213 0.067988 0.006384 -1
0 0.000000 27.500000 7.319751 0.124811 0.006390 -1
0 -7.692307 28.192308 6.858213 0.074201 0.006391 -1
0 -7.692307 4.955877 6.858217 0.074565 0.006480 -1
0 -7.000000 5.242640 7.319755 0.063088 0.006482 -1
0 -7.000000 27.500000 7.319751 0.063295 0.006374 -1
0 -7.692307 4.955877 6.858217 0.123893 0.006506 -1
0 0.000000 -2.736429 6.858217 0.074624 0.006479 -1
0 -7.000000 5.242640 7.319755 0.121396 0.006512 -1
0 0.000000 -2.736429 6.858217 0.124658 0.006515 -1
0 7.692307 4.955877 6.858217 0.178778 0.006485 -1
0 7.000000 5.242640 7.319755 0.173496 0.006479 -1
0 0.000000 -1.757360 7.319755 0.123820 0.006507 -1
0 7.692307 28.192308 6.858213 0.179110 0.006384 -1
0 0.000000 28.192308 6.858213 0.123683 0.006384 -1
0 0.000000 27.500000 7.319751 0.123764 0.006391 -1
0 7.000000 27.500000 7.319751 0.173023 0.006391 -1
0 -7.000000 27.500000 7.319751 0.073149 0.006390 -1
0 0.000000 -2.736429 6.858217 0.718819 0.006474 -1
0 7.692307 4.955877 6.858217 0.718819 0.006417 -1
0 7.692307 4.955877 6.858217 0.718819 0.006416 -1
0 0.000000 -5.271165 2.556630 0.718819 0.006489 -1
0 0.000000 -5.271165 2.556630 0.718819 0.006493 -1
0 9.484635 4.213471 2.556629 0.718819 0.006421 -1
0 -7.692307 4.955877 6.858217 0.618249 0.006420 -1
0 -9.484635 4.213471 2.556600 0.618249 0.006421 -1
0 0.000000 -5.271165 2.556630 0.618249 0.006493 -1
0 0.000000 -5.271165 2.556630 0.618249 0.006489 -1
0 -7.692307 28.192308 6.858213 0.499916 0.006229 -1
0 -9.484635 29.984636 2.556625 0.499916 0.006226 -1
0 -9.484635 4.213471 2.556600 0.499916 0.006421 -1
0 -9.484635 4.213471 2.556600 0.281250 0.006459 -1
0 0.000000 -6.000000 0.000000 0.281250 0.006459 -1
0 0.000000 -5.271165 2.556630 0.281250 0.006459 -1
0 -9.484635 29.984636 2.556625 0.281250 0.006459 -1
0 -10.000000 30.500000 -0.000004 0.281250 0.006459 -1
0 -10.000000 4.000000 -0.000000 0.281250 0.006459 -1
0 9.484635 29.984636 2.556625 0.281250 0.006459 -1
0 10.000000 30.500000 -0.000004 0.281250 0.006459 -1
0 0.000000 29.984636 2.556625 0.281250 0.006459 -1
0 9.484635 4.213471 2.556629 0.281250 0.006459 -1
0 10.000000 4.000000 -0.000000 0.281250 0.006459 -1
0 0.000000 30.500000 -0.000004 0.281250 0.006459 -1
0 0.000000 -5.271165 2.556630 0.918038 0.006496 -1
0 9.484635 4.213471 2.556629 0.918038 0.006428 -1
0 7.692307 4.955877 6.858217 0.918038 0.006427 -1
0 -7.692307 28.192308 6.858213 0.321729 0.006229 -1
0 0.000000 28.192308 6.858213 0.321729 0.006229 -1
0 0.000000 29.984636 2.556625 0.321729 0.006221 -1
0 -7.692307 4.955877 6.858217 0.618249 0.006417 -1
0 0.000000 -2.736429 6.858217 0.618249 0.006478 -1
0 0.000000 -2.736429 6.858217 0.918038 0.006484 -1
0 7.692307 4.955877 6.858217 0.866435 0.006420 -1
0 9.484635 4.213471 2.556629 0.866435 0.006421 -1
0 9.484635 29.984636 2.556625 0.866435 0.006226 -1
0 7.692307 28.192308 6.858213 0.866435 0.006229 -1
0 7.692307 28.192308 6.858213 0.321729 0.006221 -1
0 9.484635 29.984636 2.556625 0.321729 0.006218 -1
0 0.000000 29.984636 2.556625 0.321729 0.006218 -1
0 29.271166 -1.000000 2.556629 0.615625 0.006461 -1
0 18.500000 9.771165 2.556628 0.615625 0.006379 -1
0 18.500000 7.236432 6.858217 0.615625 0.006383 -1
0 -18.500000 7.236432 6.858217 0.393949 0.006290 -1
0 -18.500000 9.771165 2.556628 0.393949 0.006286 -1
0 -29.271166 -1.000000 2.556629 0.393949 0.006368 -1
0 -26.736431 -1.000000 6.858217 0.393949 0.006368 -1
0 0.000000 -27.736431 6.858221 0.925457 0.006663 -1
0 0.000000 -30.271166 2.556633 0.925457 0.006667 -1
0 29.271166 -1.000000 2.556629 0.925457 0.006528 -1
0 -26.736431 -1.000000 6.858217 0.703464 0.006533 -1
0 -29.271166 -1.000000 2.556629 0.703464 0.006533 -1
0 0.000000 -27.736431 6.858221 0.702233 0.006679 -1
0 26.736431 -1.000000 6.858217 0.615625 0.006461 -1
0 0.000000 -8.728835 2.556631 0.858125 0.006531 -1
0 -18.500000 9.771165 2.556628 0.661882 0.006390 -1
0 -18.500000 7.236432 6.858217 0.661882 0.006394 -1
0 0.000000 -11.263569 6.858219 0.858125 0.006534 -1
0 0.000000 -30.271166 2.556633 0.702233 0.006682 -1
0 18.500000 7.236432 6.858217 0.451328 0.006408 -1
0 18.500000 9.771165 2.556628 0.453424 0.006404 -1
0 0.000000 -8.728835 2.556631 0.376934 0.006521 -1
0 0.000000 -11.263569 6.858219 0.374838 0.006524 -1
0 0.000000 -27.736431 6.858221 0.927152 0.006672 -1
0 29.271166 -1.000000 2.556629 0.927152 0.006538 -1
0 26.736431 -1.000000 6.858217 0.927152 0.006538 -1
0 -9.484635 29.984636 2.556625 0.321729 0.006218 -1
0 -7.692307 28.192308 6.858213 0.321729 0.006221 -1
0 -7.692307 4.955877 6.858217 0.546791 0.006414 -1
0 0.000000 -1.757360 7.319755 0.073494 0.006485 -1
0 0.000000 -12.242639 7.319756 0.148999 0.006446 -1
0 0.000000 -26.757359 7.319759 0.231552 0.006446 -1
0 18.500000 6.257360 7.319755 0.099703 0.006355 -1
0 -18.500000 6.257360 7.319755 0.101398 0.006538 -1
0 0.000000 -26.757359 7.319759 0.232057 0.006445 -1
0 0.000000 -12.242639 7.319756 0.149515 0.006446 -1
0 -25.757359 -0.999999 7.319755 0.165064 0.006572 -1
0 0.000000 -1.757360 7.319755 0.130164 0.006450 -1
0 0.000000 27.500000 7.319751 0.015877 0.006450 -1
0 -7.000000 27.500000 7.319751 0.015750 0.006500 -1
0 -7.000000 5.242640 7.319755 0.102693 0.006500 -1
0 7.000000 5.242640 7.319755 0.102947 0.006400 -1
0 7.000000 27.500000 7.319751 0.016004 0.006400 -1
0 25.757359 -0.999999 7.319755 0.162918 0.006319 -1
48
-0.000000 0.315700 0.948900
-0.000000 0.110800 0.993800
-0.000000 0.426400 0.904500
-0.000000 0.737100 0.675800
-0.000000 -0.737100 0.675800
0.737100 -0.000000 0.675800
0.315700 -0.000000 0.948900
-0.000000 -0.315700 0.948900
-0.315700 -0.000000 0.948900
-0.737100 -0.000000 0.675800
-0.000000 -0.927200 0.374600
0.693200 -0.693200 0.197600
0.961700 -0.000000 0.274200
0.927200 -0.000000 0.374600
-0.000000 0.927200 0.374600
-0.000000 0.961700 0.274200
-0.000000 0.909000 0.416800
0.693200 0.693200 0.197600
-0.927200 -0.000000 0.374600
-0.693200 -0.693200 0.197600
-0.693200 0.693200 0.197600
-0.961700 -0.000000 0.274200
0.484500 -0.200700 0.851500
0.521200 0.521200 0.675800
0.223200 0.223200 0.948900
0.307600 -0.127400 0.942900
-0.000000 0.772000 0.635600
-0.521200 0.521200 0.675800
-0.000000 0.289800 0.957100
-0.720000 -0.298200 0.626600
-0.307600 -0.127400 0.942900
-0.223200 0.223200 0.948900
-0.000000 -0.000000 1.000000
-0.883300 -0.352200 0.309400
-0.652700 -0.652700 0.384600
-0.655600 0.655600 0.374600
-0.680000 0.680000 0.274200
-0.902600 -0.373900 0.213200
0.655600 0.655600 0.374600
0.680000 0.680000 0.274200
-0.000000 0.956300 0.292500
0.926200 -0.260700 0.272300
0.902600 -0.373900 0.213200
-0.000000 0.980300 0.197600
0.146200 -0.852300 0.502200
0.652700 -0.652700 0.384600
0.923100 -0.000000 0.384600
-0.000000 0.861500 0.507700
83
0 0 1 2 0 1 2 1
0 0 2 3 0 2 3 1
0 4 5 6 4 5 6 1
0 7 8 9 4 6 7 1
0 10 11 12 5 2 0 1
0 10 12 13 5 0 6 1
0 14 15 16 8 0 3 1
0 14 16 17 8 3 9 1
0 18 19 20 2 2 1 1
0 18 20 21 2 1 0 1
0 22 23 24 7 8 9 1
0 25 26 27 7 9 4 1
0 28 29 30 10 11 12 1
0 28 30 31 10 12 13 1
0 32 33 34 14 15 15 1
0 35 34 36 16 15 17 1
0 35 36 37 16 17 14 1
0 31 30 33 13 12 15 1
0 31 33 32 13 15 14 1
0 38 29 28 18 19 10 1
0 37 36 39 14 20 21 1
0 37 39 38 14 21 18 1
0 38 39 29 18 21 19 1
0 32 34 35 14 15 16 1
0 40 41 42 22 23 24 1
0 40 42 43 22 24 25 1
0 44 45 46 26 27 28 1
0 47 48 49 27 29 30 1
0 47 49 50 27 30 31 1
0 51 52 53 29 4 30 1
0 54 55 56 4 22 25 1
0 54 56 57 4 25 7 1
0 58 59 60 23 26 28 1
0 58 60 61 23 28 24 1
0 45 62 46 27 31 28 1
0 63 64 65 32 32 32 1
0 66 67 68 32 32 32 1
0 69 70 71 29 33 34 1
0 69 71 72 32 32 32 1
0 73 74 75 27 35 33 1
0 76 77 78 19 19 19 1
0 79 80 81 35 36 37 1
0 79 81 76 35 37 33 1
0 82 83 84 38 39 40 1
0 76 81 77 33 37 19 1
0 85 86 83 41 42 39 1
0 85 83 82 41 39 38 1
0 84 87 80 40 43 36 1
0 84 80 79 40 36 35 1
0 78 77 86 11 11 42 1
0 78 86 85 11 42 41 1
0 88 89 90 44 45 45 1
0 91 92 93 27 26 40 1
0 94 72 95 29 44 4 1
0 96 88 90 4 44 45 1
0 97 98 99 46 41 38 1
0 97 99 100 46 38 23 1
0 101 102 103 23 38 40 1
0 104 105 106 13 14 47 1
0 107 108 109 3 14 18 1
0 107 109 110 3 18 9 1
0 111 112 113 4 10 13 1
0 114 115 116 9 18 4 1
0 117 104 106 5 13 47 1
0 118 119 120 16 14 3 1
0 121 118 120 47 16 3 1
0 115 122 116 18 10 4 1
0 123 124 125 47 14 16 1
0 123 125 126 47 16 47 1
0 127 128 129 4 13 5 1
0 83 87 84 39 43 40 1
0 103 130 131 40 35 27 1
0 101 93 92 23 40 26 1
0 132 73 75 29 27 33 1
0 52 133 53 4 7 30 1
0 134 135 136 1 7 0 1
0 137 138 139 0 7 1 1
0 137 140 138 0 8 7 1
0 141 142 143 7 28 31 1
0 141 143 144 7 31 30 1
0 145 146 141 25 24 7 1
0 135 147 136 7 6 0 1
0 146 142 141 24 28 7 1
"ornate" 0 2
16
3 -0.022512 -11.803810 7.400002 0.500567 0.667573 -1
3 -0.022512 -26.379761 7.400004 0.500036 0.941116 -1
3 18.555531 6.774233 7.400000 0.791078 0.381965 -1
3 -18.600555 6.774233 7.400000 0.211489 0.379142 -1
3 -0.022512 -26.379761 7.400004 0.500124 0.941180 -1
3 -0.022512 -11.803810 7.400002 0.500028 0.667333 -1
3 -18.600555 6.774233 7.400000 0.211741 0.378561 -1
3 -25.888529 -0.513742 7.400000 0.076586 0.518610 -1
3 -0.022512 -26.379761 7.400004 0.499835 0.940761 -1
3 -0.022512 -1.981717 7.400000 0.501032 0.548373 -1
3 -0.022512 27.399065 7.399996 0.459762 0.052250 -1
3 -7.052042 27.399065 7.399996 0.371836 0.052250 -1
3 -7.052042 5.047813 7.400000 0.370913 0.419948 -1
3 7.007018 5.047813 7.400000 0.629668 0.423847 -1
3 7.007018 27.399065 7.399996 0.628618 0.052659 -1
3 25.843506 -0.513742 7.400000 0.927964 0.517773 -1
1
-0.000000 -0.000000 1.000000
8
3 0 1 2 0 0 0 1
3 3 4 5 0 0 0 1
3 6 7 8 0 0 0 1
3 9 10 11 0 0 0 1
3 9 11 12 0 0 0 1
3 13 14 9 0 0 0 1
3 1 15 2 0 0 0 1
3 14 10 9 0 0 0 1
"shine" 0 3
18
0 -0.022612 -11.856030 7.500002 0.525826 0.389869 -1
0 -0.022612 -26.496466 7.500004 0.526648 0.315299 -1
0 18.637621 6.804203 7.500000 0.256194 0.482157 -1
0 -18.682844 6.804203 7.500000 0.784641 0.477893 -1
0 -0.022612 -26.496466 7.500004 0.526993 0.314922 -1
0 -0.022612 -11.856030 7.500002 0.525772 0.389764 -1
0 -18.682844 6.804203 7.500000 0.782812 0.476777 -1
0 -26.003059 -0.516015 7.500000 0.840359 0.439656 -1
0 -0.022612 -26.496466 7.500004 0.526333 0.314769 -1
0 -0.022612 -1.990484 7.500000 0.527457 0.432746 -1
0 -0.022612 27.520279 7.499996 0.530322 0.660955 -1
0 -7.083241 27.520279 7.499996 0.661100 0.660526 -1
0 -7.083241 5.070144 7.500000 0.658722 0.491237 -1
0 7.038017 5.070144 7.500000 0.399945 0.490703 -1
0 7.038017 27.520279 7.499996 0.404326 0.661590 -1
0 -0.022612 -26.496466 7.500004 0.526171 0.314880 -1
0 25.957836 -0.516015 7.500000 0.216025 0.448815 -1
0 18.637621 6.804203 7.500000 0.255969 0.482129 -1
1
-0.000000 -0.000000 1.000000
8
0 0 1 2 0 0 0 1
0 3 4 5 0 0 0 1
0 6 7 8 0 0 0 1
0 9 10 11 0 0 0 1
0 9 11 12 0 0 0 1
0 13 14 9 0 0 0 1
0 15 16 17 0 0 0 1
0 14 10 9 0 0 0 1

Materials: 4
"outline"
1.000000 1.000000 1.000000 1.000000
0.800000 0.800000 0.800000 1.000000
0.500000 0.500000 0.500000 1.000000
0.000000 0.000000 0.000000 1.000000
0.192000
1.000000
"border_of_life.png"
""
"default"
1.000000 1.000000 1.000000 1
0 0 0 1
0.500000 0.500000 0.500000 1
0.000000 0.000000 0.000000 1
0.999999
1.000000
"texcher_4th.png"
""
"ornate"
1.000000 1.000000 1.000000 0.000000
0.800000 0.800000 0.800000 0.000000
0.500000 0.500000 0.500000 0.000000
0.000000 0.000000 0.000000 0.000000
0.192000
1.000000
"ornate_4th.png"
""
"shine"
1.000000 1.000000 1.000000 1.000000
0.800000 0.800000 0.800000 1.000000
0.500000 0.500000 0.500000 1.000000
0.000000 0.000000 0.000000 1.000000
0.192000
1.000000
"shine_4th.png"
""

Bones: 0
GroupComments: 0
MaterialComments: 0
BoneComments: 0
ModelComment: 0
