// MilkShape 3D ASCII

Frames: 30
Frame: 1

Meshes: 4
"inkblack arrow mesh border of life" 0 0
85
0 -10.000000 4.000000 -0.000000 0.500000 1.001423 -1
0 -11.910000 3.834810 0.000301 0.000000 1.000000 -1
0 0.000000 -6.000000 0.000000 1.000000 1.001423 -1
0 11.910300 3.946955 0.000301 1.000000 1.000000 -1
0 10.000000 4.000000 -0.000000 0.500000 1.000675 -1
0 0.000000 -6.000000 0.000000 0.000000 1.000675 -1
0 -10.000000 30.500000 -0.000002 0.999451 1.000549 -1
0 -11.108700 32.821732 0.000297 1.000549 0.000549 -1
0 -11.732900 32.563202 0.000297 0.000549 -0.000549 -1
0 -11.732900 32.563202 0.000297 1.000549 0.000549 -1
0 -11.910000 31.939049 0.000297 0.000549 -0.000549 -1
0 -10.000000 30.500000 -0.000002 1.000000 1.000000 -1
0 -11.910000 6.948467 0.000300 0.000000 0.000000 -1
0 -10.000000 4.000000 -0.000000 0.000000 1.000000 -1
0 -10.000000 30.500000 -0.000002 0.000000 1.000000 -1
0 0.000000 32.821732 0.000297 1.000000 0.000000 -1
0 -11.108700 32.821732 0.000297 0.000000 0.000000 -1
0 11.108700 32.821732 0.000297 0.001833 -0.001826 -1
0 10.000000 30.500000 -0.000002 0.998167 1.001826 -1
0 11.732900 32.530594 0.000297 1.001826 0.001833 -1
0 11.732900 32.530594 0.000297 0.001833 -0.001826 -1
0 11.910300 31.939068 0.000297 1.001826 0.001833 -1
0 10.000000 30.500000 -0.000002 0.000000 1.000000 -1
0 11.910300 6.948467 0.000300 1.000000 0.000000 -1
0 11.910300 31.939068 0.000297 0.000000 0.000000 -1
0 10.000000 30.500000 -0.000002 1.000000 1.000000 -1
0 0.000000 32.821732 0.000297 0.000000 0.000000 -1
0 0.000000 30.500000 -0.000002 0.000000 1.000000 -1
0 17.947258 12.743288 0.000300 0.001833 -0.001826 -1
0 18.500000 10.500000 -0.000001 0.998167 1.001826 -1
0 18.597483 13.018636 0.000300 1.001826 0.001833 -1
0 18.597483 13.018636 0.000300 0.001833 -0.001826 -1
0 19.249088 12.746581 0.000300 1.001826 0.001833 -1
0 -19.012512 12.777781 0.000300 0.001833 -0.001826 -1
0 -18.500000 10.500000 -0.000001 0.998167 1.001826 -1
0 -18.391764 13.036960 0.000300 1.001826 0.001833 -1
0 -18.391764 13.036960 0.000300 0.001833 -0.001826 -1
0 -17.772326 12.774653 0.000300 1.001826 0.001833 -1
0 11.910300 3.946955 0.000301 0.000000 1.000000 -1
0 18.500000 10.500000 -0.000001 1.000000 1.000000 -1
0 17.947258 12.743288 0.000300 1.000000 0.000000 -1
0 -31.875999 -2.259821 0.000302 0.001833 -0.001826 -1
0 -30.000000 -1.000000 0.000000 0.998167 1.001826 -1
0 -32.247803 -1.363461 0.000302 1.001826 0.001833 -1
0 -32.247803 -1.363461 0.000302 0.001833 -0.001826 -1
0 -31.880234 -0.465359 0.000301 1.001826 0.001833 -1
0 -18.500000 10.500000 -0.000001 1.000000 1.000000 -1
0 -31.880234 -0.465359 0.000301 0.000000 0.000000 -1
0 -30.000000 -1.000000 0.000000 0.000000 1.000000 -1
0 0.000000 -31.000000 0.000002 0.999451 1.000549 -1
0 -1.070701 -33.184944 0.000307 1.000549 0.000549 -1
0 0.000000 -33.628799 0.000307 0.000549 -0.000549 -1
0 0.000000 -33.628799 0.000307 1.000549 0.000549 -1
0 1.071122 -33.184948 0.000307 0.000549 -0.000549 -1
0 0.000000 -31.000000 0.000002 0.000000 1.000000 -1
0 -31.875999 -2.259821 0.000302 1.000000 0.000000 -1
0 -1.070701 -33.184944 0.000307 0.000000 0.000000 -1
0 30.000000 -1.000000 0.000000 1.000232 0.999768 -1
0 31.896915 -2.444906 0.000302 0.999768 -0.000232 -1
0 32.345600 -1.363211 0.000302 -0.000232 0.000232 -1
0 32.345600 -1.363211 0.000302 0.999768 -0.000232 -1
0 31.902027 -0.279417 0.000302 -0.000232 0.000232 -1
0 0.000000 -31.000000 0.000002 1.000000 1.000000 -1
0 31.896915 -2.444906 0.000302 0.000000 0.000000 -1
0 30.000000 -1.000000 0.000000 0.000000 1.000000 -1
0 18.500000 10.500000 -0.000001 0.000000 1.000000 -1
0 31.902027 -0.279417 0.000302 1.000000 0.000000 -1
0 19.249088 12.746581 0.000300 0.000000 0.000000 -1
0 -11.910000 6.948467 0.000300 0.000000 1.001423 -1
0 0.000000 -8.000000 0.000001 1.000000 1.000000 -1
0 0.000000 -8.000000 0.000001 0.000000 1.000000 -1
0 11.910300 6.948467 0.000300 1.000000 1.000675 -1
0 -11.910000 31.939049 0.000297 1.000000 0.000000 -1
0 0.000000 30.500000 -0.000002 1.000000 1.000000 -1
0 10.000000 4.000000 -0.000000 1.000000 1.000000 -1
0 11.108700 32.821732 0.000297 1.000000 0.000000 -1
0 11.910300 6.948467 0.000300 0.000000 0.000000 -1
0 -11.910000 6.948467 0.000300 1.000000 0.000000 -1
0 -17.772326 12.774653 0.000300 0.000000 0.000000 -1
0 -11.910000 3.834810 0.000301 1.000000 1.000000 -1
0 -19.012512 12.777781 0.000300 1.000000 0.000000 -1
0 -30.000000 -1.000000 0.000000 1.000000 1.000000 -1
0 1.071122 -33.184948 0.000307 1.000000 0.000000 -1
0 30.000000 -1.000000 0.000000 1.000000 1.000000 -1
0 -18.500000 10.500000 -0.000001 0.000000 1.000000 -1
11
0.000200 0.000100 1.000000
0.000100 -0.000000 1.000000
-0.000000 -0.000000 1.000000
-0.000100 -0.000000 1.000000
-0.000200 0.000100 1.000000
0.000100 -0.000100 1.000000
-0.000000 -0.000100 1.000000
-0.000100 -0.000100 1.000000
0.000100 0.000100 1.000000
-0.000000 0.000100 1.000000
-0.000100 0.000100 1.000000
40
0 0 1 2 0 1 2 1
0 3 4 5 3 4 2 1
0 6 7 8 5 6 5 1
0 6 9 10 5 5 1 1
0 11 12 13 5 1 0 1
0 14 15 16 5 6 6 1
0 17 18 19 6 7 7 1
0 20 18 21 7 7 3 1
0 22 23 24 7 3 3 1
0 25 26 27 7 6 6 1
0 28 29 30 5 6 6 1
0 31 29 32 6 6 7 1
0 33 34 35 5 6 6 1
0 36 34 37 6 6 7 1
0 38 39 40 3 6 5 1
0 41 42 43 8 1 1 1
0 44 42 45 1 1 5 1
0 46 47 48 6 5 1 1
0 49 50 51 9 8 9 1
0 49 52 53 9 9 10 1
0 54 55 56 9 8 8 1
0 57 58 59 3 10 3 1
0 57 60 61 3 3 7 1
0 62 63 64 9 10 3 1
0 65 66 67 6 7 7 1
0 68 1 0 1 1 0 1
0 1 69 2 1 2 2 1
0 5 70 3 2 2 3 1
0 3 71 4 3 3 4 1
0 11 72 12 5 1 1 1
0 14 73 15 5 6 6 1
0 22 74 23 7 4 3 1
0 25 75 26 7 6 6 1
0 76 38 40 3 3 5 1
0 77 78 79 1 7 1 1
0 46 80 47 6 5 5 1
0 54 81 55 9 1 8 1
0 62 82 63 9 10 10 1
0 65 83 66 6 3 7 1
0 78 84 79 7 6 1 1
"default" 0 1
90
0 0.000000 -30.271166 2.556633 0.281250 0.000000 -1
0 0.000000 -31.000000 0.000002 0.281250 0.000000 -1
0 30.000000 -1.000000 0.000000 0.281250 0.000000 -1
0 29.271166 -1.000000 2.556629 0.281250 0.000000 -1
0 18.500000 9.771165 2.556628 0.281250 0.000000 -1
0 18.500000 10.500000 -0.000001 0.281250 0.000000 -1
0 0.000000 -8.000000 0.000001 0.281250 0.000000 -1
0 0.000000 -8.728835 2.556631 0.281250 0.000000 -1
0 -18.500000 10.500000 -0.000001 0.281250 0.000000 -1
0 -18.500000 9.771165 2.556628 0.281250 0.000000 -1
0 -29.271166 -1.000000 2.556629 0.281250 0.000000 -1
0 -30.000000 -1.000000 0.000000 0.281250 0.000000 -1
0 -7.692307 4.955877 7.250000 0.618249 0.000000 -1
0 -9.484635 4.213471 2.556600 0.618249 0.000000 -1
0 0.000000 -5.271165 2.556630 0.618249 0.000000 -1
0 -7.692307 28.192308 7.249997 0.499916 0.000000 -1
0 -9.484635 29.984636 2.556625 0.499916 0.000000 -1
0 -9.484635 4.213471 2.556600 0.499916 0.000000 -1
0 -9.484635 4.213471 2.556600 0.281250 0.000000 -1
0 0.000000 -6.000000 0.000000 0.281250 0.000000 -1
0 0.000000 -5.271165 2.556630 0.281250 0.000000 -1
0 -9.484635 29.984636 2.556625 0.281250 0.000000 -1
0 -10.000000 30.500000 -0.000002 0.281250 0.000000 -1
0 -10.000000 4.000000 -0.000000 0.281250 0.000000 -1
0 9.484635 29.984636 2.556625 0.281250 0.000000 -1
0 10.000000 30.500000 -0.000002 0.281250 0.000000 -1
0 0.000000 29.984636 2.556625 0.281250 0.000000 -1
0 9.484635 4.213471 2.556629 0.281250 0.000000 -1
0 10.000000 4.000000 -0.000000 0.281250 0.000000 -1
0 0.000000 30.500000 -0.000002 0.281250 0.000000 -1
0 0.000000 -5.271165 2.556630 0.918038 0.000000 -1
0 9.484635 4.213471 2.556629 0.918038 0.000000 -1
0 7.692307 4.955877 7.250000 0.918038 0.000000 -1
0 -7.692307 28.192308 7.249997 0.321729 0.000000 -1
0 0.000000 28.192308 7.249997 0.321729 0.000000 -1
0 0.000000 29.984636 2.556625 0.321729 0.000000 -1
0 -7.692307 4.955877 7.250000 0.618249 0.000000 -1
0 0.000000 -5.271165 2.556630 0.618249 0.000000 -1
0 0.000000 -2.736429 7.250001 0.618249 0.000000 -1
0 0.000000 -2.736429 7.250001 0.918038 0.000000 -1
0 7.692307 4.955877 7.250000 0.866435 0.000000 -1
0 9.484635 4.213471 2.556629 0.866435 0.000000 -1
0 9.484635 29.984636 2.556625 0.866435 0.000000 -1
0 7.692307 28.192308 7.249997 0.866435 0.000000 -1
0 7.692307 28.192308 7.249997 0.321729 0.000000 -1
0 9.484635 29.984636 2.556625 0.321729 0.000000 -1
0 0.000000 29.984636 2.556625 0.321729 0.000000 -1
0 29.271166 -1.000000 2.556629 0.615625 0.000000 -1
0 18.500000 9.771165 2.556628 0.615625 0.000000 -1
0 18.500000 7.236432 7.250000 0.615625 0.000000 -1
0 -18.500000 7.236432 7.250000 0.393949 0.000000 -1
0 -18.500000 9.771165 2.556628 0.393949 0.000000 -1
0 -29.271166 -1.000000 2.556629 0.393949 0.000000 -1
0 -26.736431 -1.000000 7.250001 0.393949 0.000000 -1
0 0.000000 -27.736431 7.250005 0.925457 0.000000 -1
0 0.000000 -30.271166 2.556633 0.925457 0.000000 -1
0 29.271166 -1.000000 2.556629 0.925457 0.000000 -1
0 -26.736431 -1.000000 7.250001 0.703464 0.000000 -1
0 -29.271166 -1.000000 2.556629 0.703464 0.000000 -1
0 0.000000 -27.736431 7.250005 0.702233 0.000000 -1
0 26.736431 -1.000000 7.250001 0.615625 0.000000 -1
0 0.000000 -8.728835 2.556631 0.858125 0.000000 -1
0 -18.500000 9.771165 2.556628 0.661882 0.000000 -1
0 -18.500000 7.236432 7.250000 0.661882 0.000000 -1
0 0.000000 -11.263569 7.250003 0.858125 0.000000 -1
0 0.000000 -30.271166 2.556633 0.702233 0.000000 -1
0 18.500000 7.236432 7.250000 0.451328 0.000000 -1
0 18.500000 9.771165 2.556628 0.453424 0.000000 -1
0 0.000000 -8.728835 2.556631 0.376934 0.000000 -1
0 0.000000 -11.263569 7.250003 0.374838 0.000000 -1
0 0.000000 -27.736431 7.250005 0.927152 0.000000 -1
0 29.271166 -1.000000 2.556629 0.927152 0.000000 -1
0 26.736431 -1.000000 7.250001 0.927152 0.000000 -1
0 -9.484635 29.984636 2.556625 0.321729 0.000000 -1
0 -7.692307 28.192308 7.249997 0.321729 0.000000 -1
0 -7.692307 4.955877 7.250000 0.546791 0.000000 -1
0 0.000000 -11.263569 7.250003 0.148999 0.000000 -1
0 0.000000 -27.736431 7.250005 0.231552 0.000000 -1
0 18.500000 7.236432 7.250000 0.099703 0.000000 -1
0 -18.500000 7.236432 7.250000 0.101398 0.000000 -1
0 0.000000 -27.736431 7.250005 0.232057 0.000000 -1
0 0.000000 -11.263569 7.250003 0.149515 0.000000 -1
0 -26.736431 -1.000000 7.250001 0.165064 0.000000 -1
0 0.000000 -2.736429 7.250001 0.130164 0.000000 -1
0 0.000000 28.192308 7.249997 0.015877 0.000000 -1
0 -7.692307 28.192308 7.249997 0.015750 0.000000 -1
0 -7.692307 4.955877 7.250000 0.102693 0.000000 -1
0 7.692307 4.955877 7.250000 0.102947 0.000000 -1
0 7.692307 28.192308 7.249997 0.016004 0.000000 -1
0 26.736431 -1.000000 7.250001 0.162918 0.000000 -1
62
0.305261 -0.915783 0.261068
-0.305261 -0.915783 0.261068
0.915783 -0.305261 0.261068
0.915783 0.305261 0.261068
-0.305261 0.915783 0.261068
0.305261 0.915783 0.261068
-0.305261 0.915783 0.261068
0.305261 0.915783 0.261068
0.305261 0.915783 0.261068
-0.305261 0.915783 0.261068
-0.915783 -0.305261 0.261068
-0.915783 0.305261 0.261068
-0.660579 -0.660577 0.356754
-0.934198 -0.000000 0.356755
-0.934198 -0.000000 0.356756
-0.843381 -0.494041 0.211261
-0.305261 -0.915783 0.261069
0.305261 -0.915783 0.261068
-0.863408 0.431704 0.261070
-0.431704 0.863409 0.261068
-0.945701 -0.247021 0.211261
0.680014 0.680015 0.274154
0.680014 0.680015 0.274154
0.000000 0.980282 0.197605
0.945701 -0.247021 0.211260
0.843382 -0.494041 0.211260
0.000000 0.980282 0.197605
0.660577 -0.660577 0.356756
0.660578 -0.660577 0.356756
0.000000 0.934198 0.356756
-0.660577 -0.660577 0.356756
0.660577 -0.660577 0.356756
0.934198 0.000000 0.356756
0.934198 0.000000 0.356756
0.934198 0.000000 0.356756
0.660577 0.660577 0.356756
0.660577 0.660578 0.356756
-0.660577 0.660577 0.356756
-0.660577 0.660578 0.356756
-0.660577 0.660577 0.356756
0.660577 -0.660577 0.356756
-0.660577 -0.660577 0.356756
0.660577 0.660577 0.356756
0.660577 0.660578 0.356756
0.660577 0.660577 0.356756
-0.660577 -0.660577 0.356756
-0.660577 0.660578 0.356756
-0.660577 0.660577 0.356756
0.660577 -0.660577 0.356756
-0.934198 0.000000 0.356754
0.000000 0.000000 1.000000
0.000000 0.000000 1.000000
-0.000000 0.000000 1.000000
-0.000000 0.000000 1.000000
-0.000000 0.000000 1.000000
0.000000 0.000000 1.000000
0.000000 0.000000 1.000000
-0.000000 0.000000 1.000000
-0.000000 0.000000 1.000000
0.000000 0.000000 1.000000
0.000000 0.000000 1.000000
0.000000 0.000000 1.000000
56
0 0 1 2 0 1 2 1
0 0 2 3 0 2 3 1
0 4 5 6 4 5 6 1
0 7 6 8 7 6 8 1
0 7 8 9 7 8 9 1
0 3 2 5 3 2 5 1
0 3 5 4 3 5 4 1
0 10 1 0 10 1 0 1
0 9 8 11 9 8 11 1
0 9 11 10 9 11 10 1
0 10 11 1 10 11 1 1
0 4 6 7 4 6 7 1
0 12 13 14 12 12 12 1
0 15 16 17 13 14 13 1
0 18 19 20 15 16 17 1
0 21 22 23 18 19 20 1
0 21 23 18 18 20 15 1
0 24 25 26 21 22 23 1
0 18 23 19 15 20 16 1
0 27 28 25 24 25 22 1
0 27 25 24 24 22 21 1
0 26 29 22 23 26 19 1
0 26 22 21 23 19 18 1
0 20 19 28 17 16 25 1
0 20 28 27 17 25 24 1
0 30 31 32 27 28 27 1
0 33 34 35 29 29 29 1
0 36 37 38 30 30 30 1
0 39 30 32 31 27 27 1
0 40 41 42 32 33 32 1
0 40 42 43 32 32 34 1
0 44 45 46 29 29 29 1
0 47 48 49 35 36 35 1
0 50 51 52 37 38 37 1
0 50 52 53 37 37 39 1
0 54 55 56 40 40 40 1
0 57 58 59 41 41 41 1
0 60 47 49 42 35 35 1
0 61 62 63 43 36 43 1
0 64 61 63 44 43 43 1
0 58 65 59 41 45 41 1
0 66 67 68 46 38 46 1
0 66 68 69 46 46 47 1
0 70 71 72 48 48 48 1
0 25 29 26 22 26 23 1
0 46 73 74 29 29 29 1
0 44 35 34 29 29 29 1
0 75 15 17 49 13 13 1
0 76 77 78 50 51 51 1
0 79 80 81 52 52 53 1
0 79 82 80 52 54 52 1
0 83 84 85 55 56 57 1
0 83 85 86 55 57 58 1
0 87 88 83 59 60 55 1
0 77 89 78 51 61 51 1
0 88 84 83 60 56 55 1
"ornate" 0 2
12
0 0.000000 -11.263569 7.250002 0.499794 0.673003 -1
0 0.000000 -27.736431 7.250004 0.499794 0.944886 -1
0 18.500000 7.236432 7.250000 0.785751 0.367663 -1
0 -18.500000 7.236432 7.250000 0.213838 0.367663 -1
0 -26.736431 -1.000000 7.250000 0.073804 0.518670 -1
0 0.000000 -2.736429 7.250000 0.500640 0.550840 -1
0 0.000000 28.192308 7.249996 0.500640 0.053494 -1
0 -7.692307 28.192308 7.249996 0.371599 0.053494 -1
0 -7.692307 4.955877 7.250000 0.371599 0.425257 -1
0 7.692307 4.955877 7.250000 0.629682 0.425257 -1
0 7.692307 28.192308 7.249996 0.629682 0.053494 -1
0 26.736431 -1.000000 7.250000 0.926349 0.518751 -1
12
0.000000 0.000000 1.000000
0.000000 0.000000 1.000000
0.000000 0.000000 1.000000
-0.000000 0.000000 1.000000
-0.000000 0.000000 1.000000
0.000000 0.000000 1.000000
0.000000 0.000000 1.000000
0.000000 0.000000 1.000000
0.000000 0.000000 1.000000
-0.000000 0.000000 1.000000
-0.000000 0.000000 1.000000
0.000000 0.000000 1.000000
8
0 0 1 2 0 1 2 1
0 3 1 0 3 1 0 1
0 3 4 1 3 4 1 1
0 5 6 7 5 6 7 1
0 5 7 8 5 7 8 1
0 9 10 5 9 10 5 1
0 1 11 2 1 11 2 1
0 10 6 5 10 6 5 1
"shine" 0 3
12
0 0.000000 -11.263569 7.500003 0.499794 0.584734 -1
0 0.000000 -27.736431 7.500005 0.499794 0.718545 -1
0 18.500000 7.236432 7.500000 0.785751 0.434457 -1
0 -18.500000 7.236432 7.500000 0.213838 0.434457 -1
0 -26.736431 -1.000000 7.500001 0.073804 0.508777 -1
0 0.000000 -2.736429 7.500001 0.500640 0.524610 -1
0 0.000000 28.192308 7.499997 0.500640 0.279834 -1
0 -7.692307 28.192308 7.499997 0.371599 0.279834 -1
0 -7.692307 4.955877 7.500000 0.371599 0.462802 -1
0 7.692307 4.955877 7.500000 0.629682 0.462802 -1
0 7.692307 28.192308 7.499997 0.629682 0.279834 -1
0 26.736431 -1.000000 7.500001 0.926349 0.508817 -1
12
0.000000 0.000000 1.000000
0.000000 0.000000 1.000000
0.000000 0.000000 1.000000
-0.000000 0.000000 1.000000
-0.000000 0.000000 1.000000
0.000000 0.000000 1.000000
0.000000 0.000000 1.000000
-0.000000 0.000000 1.000000
-0.000000 0.000000 1.000000
0.000000 0.000000 1.000000
0.000000 0.000000 1.000000
0.000000 0.000000 1.000000
8
0 0 1 2 0 1 2 1
0 3 1 0 3 1 0 1
0 3 4 1 3 4 1 1
0 5 6 7 5 6 7 1
0 5 7 8 5 7 8 1
0 9 10 5 9 10 5 1
0 1 11 2 1 11 2 1
0 10 6 5 10 6 5 1

Materials: 4
"outline"
1.000000 1.000000 1.000000 1.000000
0.800000 0.800000 0.800000 1.000000
0.500000 0.500000 0.500000 1.000000
0.000000 0.000000 0.000000 1.000000
0.192000
1.000000
"textures/border_of_life.png"
""
"default"
1.000000 1.000000 1.000000 1
0 0 0 1
0.500000 0.500000 0.500000 1
0.000000 0.000000 0.000000 1
0.999999
1.000000
"textures/texcher_4th.png"
""
"ornate"
1.000000 1.000000 1.000000 0.000000
0.800000 0.800000 0.800000 0.000000
0.500000 0.500000 0.500000 0.000000
0.000000 0.000000 0.000000 0.000000
0.192000
1.000000
"textures/ornate_4th.png"
""
"shine"
1.000000 1.000000 1.000000 1.000000
0.800000 0.800000 0.800000 1.000000
0.500000 0.500000 0.500000 1.000000
0.000000 0.000000 0.000000 1.000000
0.192000
1.000000
"textures/shine_4th.png"
""

Bones: 0
GroupComments: 0
MaterialComments: 0
BoneComments: 0
ModelComment: 0
