// MilkShape 3D ASCII

Frames: 30
Frame: 1

Meshes: 4
"inkblack arrow mesh border of life" 0 0
85
0 -10.016279 4.236869 -0.000000 0.500000 1.001423 -1
0 -12.059999 3.834810 0.000301 0.000000 1.000000 -1
0 -0.143973 -5.635437 0.000000 1.000000 1.001423 -1
0 11.760301 3.946955 0.000301 1.000000 1.000000 -1
0 9.728333 4.236869 -0.000000 0.500000 1.000675 -1
0 -0.143973 -5.635437 0.000000 0.000000 1.000675 -1
0 -10.016279 30.398479 -0.000000 0.999451 1.000549 -1
0 -11.258699 32.821732 0.000295 1.000549 0.000549 -1
0 -11.882899 32.563202 0.000295 0.000549 -0.000549 -1
0 -11.882899 32.563202 0.000295 1.000549 0.000549 -1
0 -12.059999 31.939049 0.000295 0.000549 -0.000549 -1
0 -10.016279 30.398479 -0.000000 1.000000 1.000000 -1
0 -12.059999 6.948467 0.000299 0.000000 0.000000 -1
0 -10.016279 4.236869 -0.000000 0.000000 1.000000 -1
0 -10.016279 30.398479 -0.000000 0.000000 1.000000 -1
0 -0.150000 32.821732 0.000295 1.000000 0.000000 -1
0 -11.258699 32.821732 0.000295 0.000000 0.000000 -1
0 10.958700 32.821732 0.000295 0.001833 -0.001826 -1
0 9.728333 30.398479 -0.000000 0.998167 1.001826 -1
0 11.582900 32.530594 0.000295 1.001826 0.001833 -1
0 11.582900 32.530594 0.000295 0.001833 -0.001826 -1
0 11.760301 31.939068 0.000295 1.001826 0.001833 -1
0 9.728333 30.398479 -0.000000 0.000000 1.000000 -1
0 11.760301 6.948467 0.000299 1.000000 0.000000 -1
0 11.760301 31.939068 0.000295 0.000000 0.000000 -1
0 9.728333 30.398479 -0.000000 1.000000 1.000000 -1
0 -0.150000 32.821732 0.000295 0.000000 0.000000 -1
0 -0.150000 30.500000 -0.000004 0.000000 1.000000 -1
0 17.469116 12.743288 0.000299 0.001833 -0.001826 -1
0 18.119801 10.653868 -0.000001 0.998167 1.001826 -1
0 18.119801 13.018636 0.000299 1.001826 0.001833 -1
0 18.119801 13.018636 0.000299 0.001833 -0.001826 -1
0 18.770947 12.746581 0.000299 1.001826 0.001833 -1
0 -19.043585 12.777781 0.000299 0.001833 -0.001826 -1
0 -18.407700 10.653868 -0.000001 0.998167 1.001826 -1
0 -18.407700 13.036960 0.000299 1.001826 0.001833 -1
0 -18.407700 13.036960 0.000299 0.001833 -0.001826 -1
0 -17.803398 12.774653 0.000299 1.001826 0.001833 -1
0 11.760301 3.946955 0.000301 0.000000 1.000000 -1
0 18.119801 10.653868 -0.000001 1.000000 1.000000 -1
0 17.469116 12.743288 0.000299 1.000000 0.000000 -1
0 -31.474697 -1.596225 0.000302 0.001833 -0.001826 -1
0 -29.760891 -0.699284 0.000000 0.998167 1.001826 -1
0 -31.840075 -0.699865 0.000302 1.001826 0.001833 -1
0 -31.840075 -0.699865 0.000302 0.001833 -0.001826 -1
0 -31.478859 0.198237 0.000301 1.001826 0.001833 -1
0 -18.407700 10.653868 -0.000001 1.000000 1.000000 -1
0 -31.478859 0.198237 0.000301 0.000000 0.000000 -1
0 -29.760891 -0.699284 0.000000 0.000000 1.000000 -1
0 -0.143973 -30.316202 0.000002 0.999451 1.000549 -1
0 -1.220701 -33.184944 0.000310 1.000549 0.000549 -1
0 -0.150000 -33.628799 0.000310 0.000549 -0.000549 -1
0 -0.150000 -33.628799 0.000310 1.000549 0.000549 -1
0 0.921122 -33.184948 0.000310 0.000549 -0.000549 -1
0 -0.143973 -30.316202 0.000002 0.000000 1.000000 -1
0 -31.474697 -1.596225 0.000302 1.000000 0.000000 -1
0 -1.220701 -33.184944 0.000310 0.000000 0.000000 -1
0 29.472900 -0.699284 0.000000 1.000232 0.999768 -1
0 31.196060 -1.781679 0.000302 0.999768 -0.000232 -1
0 31.636990 -0.699984 0.000302 -0.000232 0.000232 -1
0 31.636990 -0.699984 0.000302 0.999768 -0.000232 -1
0 31.201084 0.383810 0.000302 -0.000232 0.000232 -1
0 -0.143973 -30.316202 0.000002 1.000000 1.000000 -1
0 31.196060 -1.781679 0.000302 0.000000 0.000000 -1
0 29.472900 -0.699284 0.000000 0.000000 1.000000 -1
0 18.119801 10.653868 -0.000001 0.000000 1.000000 -1
0 31.201084 0.383810 0.000302 1.000000 0.000000 -1
0 18.770947 12.746581 0.000299 0.000000 0.000000 -1
0 -12.059999 6.948467 0.000299 0.000000 1.001423 -1
0 -0.150000 -8.000000 0.000002 1.000000 1.000000 -1
0 -0.150000 -8.000000 0.000002 0.000000 1.000000 -1
0 11.760301 6.948467 0.000299 1.000000 1.000675 -1
0 -12.059999 31.939049 0.000295 1.000000 0.000000 -1
0 -0.150000 30.500000 -0.000004 1.000000 1.000000 -1
0 9.728333 4.236869 -0.000000 1.000000 1.000000 -1
0 10.958700 32.821732 0.000295 1.000000 0.000000 -1
0 11.760301 6.948467 0.000299 0.000000 0.000000 -1
0 -12.059999 6.948467 0.000299 1.000000 0.000000 -1
0 -17.803398 12.774653 0.000299 0.000000 0.000000 -1
0 -12.059999 3.834810 0.000301 1.000000 1.000000 -1
0 -19.043585 12.777781 0.000299 1.000000 0.000000 -1
0 -29.760891 -0.699284 0.000000 1.000000 1.000000 -1
0 0.921122 -33.184948 0.000310 1.000000 0.000000 -1
0 29.472900 -0.699284 0.000000 1.000000 1.000000 -1
0 -18.407700 10.653868 -0.000001 0.000000 1.000000 -1
9
0.000100 0.000100 1.000000
0.000100 -0.000000 1.000000
-0.000000 -0.000000 1.000000
-0.000100 -0.000000 1.000000
-0.000100 0.000100 1.000000
0.000100 -0.000100 1.000000
-0.000000 -0.000100 1.000000
-0.000100 -0.000100 1.000000
-0.000000 0.000100 1.000000
40
0 0 1 2 0 1 2 1
0 3 4 5 3 4 2 1
0 6 7 8 5 6 5 1
0 6 9 10 5 5 1 1
0 11 12 13 5 1 0 1
0 14 15 16 5 6 6 1
0 17 18 19 6 7 7 1
0 20 18 21 7 7 3 1
0 22 23 24 7 3 3 1
0 25 26 27 7 6 6 1
0 28 29 30 5 6 6 1
0 31 29 32 6 6 7 1
0 33 34 35 5 6 6 1
0 36 34 37 6 6 7 1
0 38 39 40 3 6 5 1
0 41 42 43 0 1 1 1
0 44 42 45 1 1 5 1
0 46 47 48 6 5 1 1
0 49 50 51 8 0 8 1
0 49 52 53 8 8 4 1
0 54 55 56 8 0 0 1
0 57 58 59 3 4 3 1
0 57 60 61 3 3 7 1
0 62 63 64 8 4 3 1
0 65 66 67 6 7 7 1
0 68 1 0 1 1 0 1
0 1 69 2 1 2 2 1
0 5 70 3 2 2 3 1
0 3 71 4 3 3 4 1
0 11 72 12 5 1 1 1
0 14 73 15 5 6 6 1
0 22 74 23 7 4 3 1
0 25 75 26 7 6 6 1
0 76 38 40 3 3 5 1
0 77 78 79 1 7 1 1
0 46 80 47 6 5 5 1
0 54 81 55 8 1 0 1
0 62 82 63 8 4 4 1
0 65 83 66 6 3 7 1
0 78 84 79 7 6 1 1
"default" 0 1
100
0 -7.741809 28.335169 7.471517 0.321729 0.029691 -1
0 -0.143973 29.889660 2.556628 0.321729 0.022738 -1
0 -8.624650 28.917635 5.597998 0.321729 0.029074 -1
0 -0.143973 -29.596674 2.556633 0.281250 0.500000 -1
0 -0.143973 -30.316202 0.000002 0.281250 0.500000 -1
0 29.472946 -0.699284 0.000000 0.281250 0.500000 -1
0 28.753418 -0.699284 2.556629 0.281250 0.500000 -1
0 18.119793 9.934340 2.556628 0.281250 0.500000 -1
0 18.119793 10.653868 -0.000001 0.281250 0.500000 -1
0 -0.143973 -7.609898 0.000001 0.281250 0.500000 -1
0 -0.143973 -8.329426 2.556631 0.281250 0.500000 -1
0 -18.407738 10.653868 -0.000001 0.281250 0.500000 -1
0 -18.407738 9.934340 2.556628 0.281250 0.500000 -1
0 -29.041363 -0.699284 2.556629 0.281250 0.500000 -1
0 -29.760891 -0.699284 0.000000 0.281250 0.500000 -1
0 -7.741809 5.180540 7.471515 0.895699 0.514685 -1
0 -9.507495 4.447614 2.556600 0.911989 0.576540 -1
0 -0.143973 -4.915908 2.556630 0.601646 0.659992 -1
0 -9.507495 4.447614 2.556600 0.281250 0.500000 -1
0 -0.143973 -5.635437 0.000000 0.281250 0.500000 -1
0 -0.143973 -4.915908 2.556630 0.281250 0.500000 -1
0 -9.507501 29.889664 2.556625 0.281250 0.500000 -1
0 -10.016279 30.398479 0.000000 0.281250 0.500000 -1
0 -10.016279 4.236869 -0.000000 0.281250 0.500000 -1
0 9.219548 4.447614 2.556629 0.281250 0.500000 -1
0 9.728333 4.236869 -0.000000 0.281250 0.500000 -1
0 9.728333 30.398479 0.000000 0.281250 0.500000 -1
0 9.219547 29.889696 2.556628 0.281250 0.500000 -1
0 -0.143973 -4.915908 2.556630 0.622625 0.659992 -1
0 9.219548 4.447614 2.556629 0.625666 0.590633 -1
0 7.453862 5.180540 7.471515 0.625120 0.527033 -1
0 -0.143973 -2.413540 7.471519 0.600853 0.583285 -1
0 -0.143973 -2.413540 7.471519 0.622653 0.583285 -1
0 9.219547 29.889696 2.556628 0.361023 0.348080 -1
0 8.336703 28.917635 5.597988 0.396751 0.319979 -1
0 7.453862 5.180540 7.471515 0.628897 0.527033 -1
0 28.753418 -0.699284 2.556629 0.343545 0.531146 -1
0 18.119793 9.934340 2.556628 0.447988 0.281418 -1
0 18.119793 7.431973 7.471515 0.463087 0.371939 -1
0 -18.407738 7.431973 7.471515 0.971171 0.366485 -1
0 -18.407738 9.934340 2.556628 0.971795 0.276297 -1
0 -29.041363 -0.699284 2.556629 0.975847 0.528256 -1
0 -26.538998 -0.699283 7.471516 0.973150 0.513332 -1
0 -0.143973 -27.094307 7.471519 0.659055 0.826139 -1
0 -0.143973 -29.596674 2.556633 0.658729 0.911216 -1
0 -26.538998 -0.699283 7.471516 0.908550 0.523048 -1
0 -29.041363 -0.699284 2.556629 0.976797 0.537973 -1
0 26.251049 -0.699283 7.471516 0.411901 0.517694 -1
0 -0.143973 -8.329426 2.556631 0.626068 0.497056 -1
0 -18.407738 9.934340 2.556628 0.621558 0.295730 -1
0 -18.407738 7.431973 7.471515 0.621891 0.385918 -1
0 -0.143973 -10.831793 7.471518 0.626076 0.591315 -1
0 18.119793 7.431973 7.471515 0.951332 0.357364 -1
0 18.119793 9.934340 2.556628 0.936233 0.266843 -1
0 -0.143973 -8.329426 2.556631 0.626345 0.487339 -1
0 -0.143973 -10.831793 7.471518 0.625984 0.581598 -1
0 -0.143973 -10.831793 7.471518 0.148999 0.473090 -1
0 -0.143973 -27.094307 7.471519 0.231552 0.473712 -1
0 18.119793 7.431973 7.471515 0.099703 0.294042 -1
0 -18.407738 7.431973 7.471515 0.101398 0.655140 -1
0 -0.143973 -27.094307 7.471519 0.232057 0.472028 -1
0 -0.143973 -10.831793 7.471518 0.149515 0.474814 -1
0 -26.538998 -0.699283 7.471516 0.165064 0.723093 -1
0 -0.143973 -2.413540 7.471519 0.130164 0.481917 -1
0 -7.741809 28.335169 7.471517 0.015750 0.579762 -1
0 -7.741809 5.180540 7.471515 0.102693 0.580211 -1
0 26.251049 -0.699283 7.471516 0.162918 0.224425 -1
0 7.453862 28.335169 7.471517 0.321729 0.029818 -1
0 -0.143973 29.889660 2.556628 0.321729 0.034489 -1
0 5.340158 27.616308 7.471517 0.321729 0.033786 -1
0 -5.628104 27.616308 7.471517 0.321729 0.046089 -1
0 -0.143973 29.889660 2.556628 0.321729 0.031478 -1
0 -7.741809 28.335169 7.471517 0.321729 0.045083 -1
0 1.830488 26.745724 7.471517 0.321729 0.043518 -1
0 -0.143973 29.889660 2.556628 0.321729 0.041192 -1
0 -0.143973 26.548279 7.471517 0.321729 0.045659 -1
0 -0.143973 29.889660 2.556628 0.321729 0.037461 -1
0 -2.118434 26.745726 7.471517 0.321729 0.046089 -1
0 8.336703 28.917635 5.597988 0.321729 0.028458 -1
0 9.219547 29.889696 2.556628 0.321729 0.024672 -1
0 -7.741809 28.335169 7.471517 0.793030 0.298944 -1
0 -8.624650 28.917635 5.597998 0.803279 0.311929 -1
0 -7.741809 5.180540 7.471515 0.788827 0.519543 -1
0 -0.143973 26.548279 7.471517 0.021730 0.481356 -1
0 -2.118434 26.745726 7.471517 0.015826 0.520920 -1
0 -0.143973 29.889660 2.556628 0.281250 0.500000 -1
0 -0.143973 30.398479 -0.000002 0.281250 0.500000 -1
0 7.453862 5.180540 7.471515 0.102947 0.383338 -1
0 7.453862 28.335169 7.471517 0.016004 0.382888 -1
0 -0.143973 29.889660 2.556628 0.321729 0.025156 -1
0 7.453862 28.335169 7.471517 0.321729 0.029138 -1
0 -9.507501 29.889664 2.556625 0.813528 0.324914 -1
0 -9.507495 4.447614 2.556600 0.805117 0.581398 -1
0 7.453862 28.335169 7.471517 0.015979 0.402502 -1
0 5.340158 27.616308 7.471517 0.015954 0.422117 -1
0 -9.507501 29.889664 2.556625 0.321729 0.028458 -1
0 9.219548 4.447614 2.556629 0.602072 0.590633 -1
0 7.453862 28.335169 7.471517 0.404680 0.314296 -1
0 -5.628104 27.616308 7.471517 0.015801 0.540534 -1
0 1.830488 26.745724 7.471517 0.015903 0.461345 -1
37
-0.392300 0.500700 0.771600
-0.000000 0.938000 0.346800
-0.655300 0.621200 0.429700
-0.000000 -0.936800 0.349800
-0.000000 -0.962600 0.270900
0.962600 -0.000000 0.270900
0.936800 -0.000000 0.349800
-0.000000 0.936800 0.349800
-0.000000 0.962600 0.270900
-0.000000 0.924900 0.380200
-0.936800 -0.000000 0.349800
-0.962600 -0.000000 0.270900
-0.596800 -0.247600 0.763200
-0.886300 -0.367100 0.282300
-0.000000 -0.936900 0.349700
-0.667600 0.668600 0.327600
-0.680700 0.680600 0.270900
-0.903200 -0.374100 0.210600
0.886300 -0.367100 0.282300
0.903200 -0.374100 0.210600
0.680700 0.680700 0.270900
0.667600 0.668600 0.327600
0.596800 -0.247600 0.763200
-0.000000 -0.662300 0.749300
0.655300 0.621200 0.429700
-0.000000 0.662300 0.749200
-0.662300 -0.000000 0.749200
-0.000000 -0.662300 0.749200
0.662300 -0.000000 0.749200
-0.000000 0.285600 0.958400
0.392300 0.500700 0.771600
-0.128300 0.411200 0.902500
0.128300 0.411200 0.902500
-0.080200 0.437100 0.895800
-0.000000 0.444100 0.896000
0.080200 0.437100 0.895800
-0.000000 0.980800 0.195200
68
0 0 1 2 0 1 2 1
0 3 4 5 3 4 5 1
0 3 5 6 3 5 6 1
0 7 8 9 7 8 8 1
0 10 9 11 9 8 8 1
0 10 11 12 9 8 7 1
0 6 5 8 6 5 8 1
0 6 8 7 6 8 7 1
0 13 4 3 10 4 3 1
0 12 11 14 7 8 11 1
0 12 14 13 7 11 10 1
0 13 14 4 10 11 4 1
0 7 9 10 7 8 9 1
0 15 16 17 12 13 14 1
0 18 19 20 13 4 14 1
0 21 22 23 15 16 17 1
0 21 23 18 15 17 13 1
0 18 23 19 13 17 4 1
0 24 25 26 18 19 20 1
0 24 26 27 18 20 21 1
0 20 19 25 14 4 19 1
0 20 25 24 14 19 18 1
0 28 29 30 14 18 22 1
0 15 17 31 12 14 23 1
0 32 28 30 23 14 22 1
0 33 34 35 21 24 22 1
0 36 37 38 6 7 25 1
0 39 40 41 25 7 10 1
0 39 41 42 25 10 26 1
0 43 44 36 27 3 6 1
0 45 46 43 26 10 27 1
0 47 36 38 28 6 25 1
0 48 49 50 9 7 25 1
0 51 48 50 29 9 25 1
0 46 44 43 10 3 27 1
0 52 53 54 25 7 9 1
0 52 54 55 25 9 29 1
0 43 36 47 27 6 28 1
0 56 57 58 29 27 25 1
0 59 60 61 25 27 29 1
0 59 62 60 25 26 27 1
0 63 64 65 23 0 12 1
0 57 66 58 27 28 25 1
0 67 68 69 30 1 31 1
0 70 71 72 32 1 0 1
0 73 74 75 33 1 34 1
0 75 76 77 34 1 35 1
0 78 79 1 24 21 1 1
0 69 68 73 31 1 33 1
0 70 77 76 32 35 1 1
0 80 81 82 0 2 12 1
0 63 83 84 23 34 35 1
0 27 26 85 21 20 1 1
0 26 86 85 20 36 1 1
0 85 22 21 1 16 15 1
0 85 86 22 1 36 16 1
0 87 88 63 22 30 23 1
0 78 89 90 24 1 30 1
0 82 91 92 12 15 13 1
0 93 94 63 30 31 23 1
0 2 1 95 2 1 15 1
0 35 96 33 22 18 21 1
0 82 81 91 12 2 15 1
0 35 34 97 22 24 30 1
0 84 98 63 35 32 23 1
0 98 64 63 32 0 23 1
0 63 99 83 23 33 34 1
0 63 94 99 23 31 33 1
"ornate" 0 2
16
0 -0.143973 -10.831793 7.558219 0.496144 0.678790 -1
0 -0.143973 -27.094307 7.558221 0.496144 0.917542 -1
0 18.119793 7.431973 7.558217 0.780283 0.394938 -1
0 -18.407738 7.431973 7.558217 0.207344 0.390008 -1
0 -26.538998 -0.699283 7.558217 0.088129 0.509388 -1
0 -0.143973 -2.413540 7.558202 0.495233 0.529918 -1
0 -7.741809 28.335169 7.558200 0.381001 0.049274 -1
0 -7.741809 5.180540 7.558198 0.381001 0.411212 -1
0 26.251049 -0.699283 7.558217 0.900714 0.512727 -1
0 -0.143973 26.548279 7.558200 0.495234 0.077205 -1
0 -2.118434 26.745726 7.558200 0.465548 0.074119 -1
0 7.453862 5.180540 7.558198 0.609466 0.411212 -1
0 7.453862 28.335169 7.558200 0.609466 0.049274 -1
0 5.340158 27.616308 7.558200 0.577687 0.060511 -1
0 -5.628104 27.616308 7.558200 0.412780 0.060511 -1
0 1.830488 26.745724 7.558200 0.524919 0.074119 -1
1
-0.000000 -0.000000 1.000000
12
0 0 1 2 0 0 0 1
0 3 1 0 0 0 0 1
0 3 4 1 0 0 0 1
0 5 6 7 0 0 0 1
0 1 8 2 0 0 0 1
0 5 9 10 0 0 0 1
0 11 12 5 0 0 0 1
0 12 13 5 0 0 0 1
0 10 14 5 0 0 0 1
0 14 6 5 0 0 0 1
0 5 15 9 0 0 0 1
0 5 13 15 0 0 0 1
"shine" 0 3
16
0 -0.143973 -10.831793 7.600001 0.496144 0.632299 -1
0 -0.143973 -27.094307 7.600003 0.496144 0.814240 -1
0 18.119793 7.431973 7.599999 0.780283 0.415990 -1
0 -18.407738 7.431973 7.599999 0.207344 0.412233 -1
0 -26.538998 -0.699283 7.599999 0.088129 0.503206 -1
0 -0.143973 -2.413540 7.600002 0.495233 0.518851 -1
0 -7.741809 28.335169 7.600000 0.381001 0.152576 -1
0 -7.741809 5.180540 7.599999 0.381001 0.428391 -1
0 26.251049 -0.699283 7.599999 0.900714 0.505750 -1
0 -0.143973 26.548279 7.600000 0.495234 0.173861 -1
0 -2.118434 26.745726 7.600000 0.465548 0.171509 -1
0 7.453862 5.180540 7.599999 0.609466 0.428391 -1
0 7.453862 28.335169 7.600000 0.609466 0.152576 -1
0 5.340158 27.616308 7.600000 0.577687 0.161139 -1
0 -5.628104 27.616308 7.600000 0.412780 0.161139 -1
0 1.830488 26.745724 7.600000 0.524919 0.171509 -1
1
-0.000000 -0.000000 1.000000
12
0 0 1 2 0 0 0 1
0 3 1 0 0 0 0 1
0 3 4 1 0 0 0 1
0 5 6 7 0 0 0 1
0 1 8 2 0 0 0 1
0 5 9 10 0 0 0 1
0 11 12 5 0 0 0 1
0 12 13 5 0 0 0 1
0 10 14 5 0 0 0 1
0 14 6 5 0 0 0 1
0 5 15 9 0 0 0 1
0 5 13 15 0 0 0 1

Materials: 4
"outline"
1.000000 1.000000 1.000000 1.000000
0.800000 0.800000 0.800000 1.000000
0.500000 0.500000 0.500000 1.000000
0.000000 0.000000 0.000000 1.000000
0.192000
1.000000
"textures/border_of_life.png"
""
"default"
1.000000 1.000000 1.000000 1
0 0 0 1
0.500000 0.500000 0.500000 1
0.000000 0.000000 0.000000 1
0.999999
1.000000
"textures/texcher_4th.png"
""
"ornate"
1.000000 1.000000 1.000000 0.000000
0.800000 0.800000 0.800000 0.000000
0.500000 0.500000 0.500000 0.000000
0.000000 0.000000 0.000000 0.000000
0.192000
1.000000
"textures/ornate_4th.png"
""
"shine"
1.000000 1.000000 1.000000 1.000000
0.800000 0.800000 0.800000 1.000000
0.500000 0.500000 0.500000 1.000000
0.000000 0.000000 0.000000 1.000000
0.192000
1.000000
"textures/shine_4th.png"
""

Bones: 0
GroupComments: 0
MaterialComments: 0
BoneComments: 0
ModelComment: 0
