// MilkShape 3D ASCII

Frames: 30
Frame: 1

Meshes: 1
"default" 1 0
146
1 -0.271808 -1.690839 1.395456 0.124023 0.593808 -1
1 -0.271808 27.575781 1.422720 0.124023 0.365234 -1
1 -7.393030 27.566521 1.395453 0.074805 0.365234 -1
1 -7.393030 5.309162 1.395456 0.074805 0.539120 -1
1 6.606970 5.309162 1.395456 0.173242 0.539120 -1
1 6.606970 27.566521 1.395453 0.173242 0.365234 -1
1 -0.271808 28.345610 4.394428 0.944734 0.186860 -1
1 -0.271808 27.575781 1.422720 0.943184 0.496900 -1
1 6.606970 27.566521 1.395453 0.943184 0.496900 -1
1 -0.248492 -12.375086 1.400002 0.165737 0.567979 -1
1 -0.248492 -26.889807 1.400005 0.237902 0.648162 -1
1 18.356428 6.124914 1.399999 0.165737 0.363581 -1
1 -18.643572 6.124914 1.399999 0.681127 0.278530 -1
1 -0.248492 -12.375086 1.400002 0.683588 0.066902 -1
1 -18.771809 7.236432 4.376715 0.650506 0.239838 -1
1 -0.248492 -27.736431 4.376720 0.281250 0.500000 -1
1 26.464622 -1.000000 4.376716 0.281250 0.500000 -1
1 25.613787 -1.132445 1.399999 0.281250 0.500000 -1
1 -0.248492 -26.889807 1.400005 0.281250 0.500000 -1
1 26.464622 -1.000000 4.376716 0.530056 0.489149 -1
1 18.228191 7.236432 4.376715 0.529281 0.420940 -1
1 25.613787 -1.132445 1.399999 0.530832 0.411639 -1
1 -27.008240 -1.000000 4.376716 0.975329 0.168458 -1
1 -25.900930 -1.132445 1.399999 0.973877 0.051460 -1
1 -18.771809 7.236432 4.376715 0.975329 0.045436 -1
1 18.228191 7.236432 4.376715 0.892755 0.244079 -1
1 -0.248492 -11.263570 4.376718 0.892755 0.244079 -1
1 -0.248492 -12.375086 1.400002 0.892755 0.244079 -1
1 18.228191 7.236432 4.376715 0.887833 0.138265 -1
1 -0.248492 -12.375086 1.400002 0.887833 0.138265 -1
1 18.356428 6.124914 1.399999 0.887833 0.138265 -1
1 -18.643572 6.124914 1.399999 0.107372 0.356763 -1
1 -0.248492 -26.889807 1.400005 0.107215 0.572101 -1
1 -0.248492 -12.375086 1.400002 0.035494 0.629204 -1
1 -0.248492 -26.889807 1.400005 0.435049 0.295755 -1
1 -25.900930 -1.132445 1.399999 0.431358 0.500000 -1
1 -0.248492 -27.736431 4.376720 0.431358 0.500000 -1
1 -0.248492 -11.263570 4.376718 0.648848 0.525973 -1
1 -25.900930 -1.132445 1.399999 0.107526 0.356401 -1
1 -0.248492 -26.889807 1.400005 0.035550 0.628298 -1
1 -18.643572 6.124914 1.399999 0.032640 0.358987 -1
1 -0.248492 -27.736431 4.376720 0.934658 0.149656 -1
1 -0.248492 -31.000000 -1.161741 0.934658 0.076796 -1
1 26.464622 -1.000000 4.376716 0.935211 0.034717 -1
1 18.228191 7.236432 4.376715 0.341539 0.443402 -1
1 18.228191 10.500000 -1.161748 0.340309 0.591049 -1
1 -0.248492 -8.000000 -1.161745 0.344000 0.509843 -1
1 -0.248492 -8.000000 -1.161745 0.779559 0.687019 -1
1 -18.771809 10.500000 -1.161748 0.583926 0.413873 -1
1 -18.771809 7.236432 4.376715 0.579005 0.413873 -1
1 26.464622 -1.000000 4.376716 0.618418 0.296924 -1
1 29.728191 -1.000000 -1.161747 0.613767 0.520153 -1
1 18.228191 10.500000 -1.161748 0.613767 0.520153 -1
1 18.228191 7.236432 4.376715 0.613767 0.520153 -1
1 -30.271809 -1.000000 -1.161747 0.669671 0.205973 -1
1 -0.248492 -31.000000 -1.161741 0.669719 0.120571 -1
1 -27.008240 -1.000000 4.376716 0.669133 0.094821 -1
1 -18.771809 7.236432 4.376715 0.340472 0.581792 -1
1 -18.771809 10.500000 -1.161748 0.338922 0.668603 -1
1 -30.271809 -1.000000 -1.161747 0.338922 0.792618 -1
1 -7.964115 28.192308 4.376712 0.943184 0.496900 -1
1 -7.393030 27.566521 1.395453 0.943184 0.496900 -1
1 -0.271808 -2.950375 4.394432 0.530832 0.617815 -1
1 -0.271808 -1.690839 1.395456 0.530832 0.617815 -1
1 -7.393030 5.309162 1.395456 0.530832 0.617815 -1
1 -7.950346 4.938962 4.408688 0.530832 0.357382 -1
1 -27.008240 -1.000000 4.376716 0.431358 0.500000 -1
1 -0.271808 -2.950375 4.394432 0.448671 0.527904 -1
1 7.420499 4.955877 4.376715 0.451772 0.227165 -1
1 6.606970 5.309162 1.395456 0.447121 0.524803 -1
1 -0.271808 -1.690839 1.395456 0.453322 0.214764 -1
1 7.512557 28.345610 4.394428 0.943184 0.496900 -1
1 -10.271809 4.000000 -1.161747 0.502928 0.520153 -1
1 -0.271808 -6.000000 -1.161745 0.506028 0.786786 -1
1 -0.271808 -2.950375 4.394432 0.504478 0.594562 -1
1 7.512557 28.345610 4.394428 0.451027 0.368939 -1
1 6.606970 27.566521 1.395453 0.446106 0.450145 -1
1 -7.950346 4.938962 4.408688 0.941782 0.347539 -1
1 -7.393030 5.309162 1.395456 0.941782 0.607972 -1
1 7.512557 28.345610 4.394428 0.445571 0.487598 -1
1 9.728191 30.500000 -1.161751 0.445571 0.487598 -1
1 -0.271808 28.345610 4.394428 0.445571 0.487598 -1
1 -7.950346 4.938962 4.408688 0.505253 0.721678 -1
1 9.728191 4.000000 -1.161747 0.949655 0.396672 -1
1 9.728191 30.500000 -1.161751 0.951206 0.027725 -1
1 7.420499 4.955877 4.376715 0.946410 0.399127 -1
1 -0.271808 30.500000 -1.161751 0.445571 0.487598 -1
1 -10.271809 30.500000 -1.161751 0.445571 0.177559 -1
1 -7.964115 28.192308 4.376712 0.445571 0.487598 -1
1 -0.271808 -2.950375 4.394432 0.888163 0.227224 -1
1 -0.271808 -6.000000 -1.161745 0.924273 0.098492 -1
1 9.728191 4.000000 -1.161747 0.894364 0.098004 -1
1 -0.271808 -2.950375 4.394432 0.898672 0.224550 -1
1 9.728191 4.000000 -1.161747 0.968430 0.207067 -1
1 7.420499 4.955877 4.376715 0.935101 0.113603 -1
1 18.228191 7.236432 4.376715 0.343271 0.382533 -1
1 -0.248492 -8.000000 -1.161745 0.343271 0.651283 -1
1 -0.248492 -11.263570 4.376718 0.343271 0.658855 -1
1 -18.771809 7.236432 4.376715 0.338384 0.543733 -1
1 -30.271809 -1.000000 -1.161747 0.338384 0.666755 -1
1 -27.008240 -1.000000 4.376716 0.338384 0.666755 -1
1 -0.248492 -11.263570 4.376718 0.783906 0.682436 -1
1 -0.248492 -8.000000 -1.161745 0.783906 0.674864 -1
1 -18.771809 7.236432 4.376715 0.587663 0.398542 -1
1 29.728191 -1.000000 -1.161747 0.935211 0.034717 -1
1 -18.643572 6.124914 1.399999 0.972966 0.286292 -1
1 25.613787 -1.132445 1.399999 0.237902 0.363581 -1
1 18.356428 6.124914 1.399999 0.530056 0.344980 -1
1 7.420499 4.955877 4.376715 0.448102 0.285931 -1
1 -7.950346 4.938962 4.408688 0.504478 0.667421 -1
1 7.512557 28.345610 4.394428 0.946410 0.028426 -1
1 -10.271809 4.000000 -1.161747 0.504478 0.667421 -1
1 -0.248492 -27.736431 4.376720 0.669133 0.255256 -1
1 29.728191 -1.000000 -3.261226 0.935211 0.034717 -1
1 9.728191 4.000000 -3.261227 0.949655 0.396672 -1
1 9.728191 30.500000 -3.261231 0.951206 0.027725 -1
1 -18.771809 10.500000 -3.261227 0.338922 0.668603 -1
1 -30.271809 -1.000000 -3.261226 0.338922 0.792618 -1
1 -0.248492 -8.000000 -3.261225 0.779559 0.687019 -1
1 -18.771809 10.500000 -3.261227 0.583926 0.413873 -1
1 -10.271809 4.000000 -3.261227 0.504478 0.667421 -1
1 9.728191 4.000000 -3.261227 0.894364 0.098004 -1
1 -0.271808 -6.000000 -3.261225 0.506028 0.786786 -1
1 -10.271809 4.000000 -3.261227 0.502928 0.520153 -1
1 -30.271809 -1.000000 -3.261226 0.669671 0.205973 -1
1 -0.248492 -31.000000 -3.261221 0.669719 0.120571 -1
1 -10.271809 30.500000 -1.161751 0.445571 0.060372 -1
1 -0.271808 30.500000 -3.261231 0.445312 0.484375 -1
1 -10.271809 30.500000 -3.261231 0.445571 0.060372 -1
1 -10.271809 30.500000 -3.261231 0.445571 0.177559 -1
1 -0.271808 -6.000000 -3.261225 0.924273 0.098492 -1
1 9.728191 30.500000 -1.161751 0.445571 0.370411 -1
1 9.728191 30.500000 -3.261231 0.444285 0.186145 -1
1 9.728191 30.500000 -1.161751 0.444285 0.186145 -1
1 -0.271808 30.500000 -1.161751 0.445571 0.370411 -1
1 -0.248492 -31.000000 -3.261221 0.934658 0.076796 -1
1 -0.248492 -8.000000 -1.161745 0.345965 0.554206 -1
1 18.228191 10.500000 -1.161748 0.351562 0.652344 -1
1 -0.248492 -8.000000 -3.261225 0.347918 0.401863 -1
1 -0.248492 -8.000000 -3.261225 0.365497 0.296394 -1
1 18.228191 10.500000 -1.161748 0.369141 0.546875 -1
1 18.228191 10.500000 -3.264318 0.369141 0.667969 -1
1 29.728191 -1.000000 -3.261226 0.620758 0.253467 -1
1 18.228191 10.500000 -3.264318 0.611328 0.625000 -1
1 18.228191 10.500000 -1.161748 0.613281 0.417969 -1
1 29.728191 -1.000000 -1.161747 0.620758 0.253467 -1
60
-0.007400 0.690600 0.723200
-0.000000 -0.613500 0.789700
0.525100 -0.509500 0.681700
0.654800 0.259200 0.710000
-0.626500 0.255000 0.736500
-0.484500 -0.501600 0.716700
-0.001400 -0.057600 0.998300
0.000100 -0.317900 0.948100
0.001700 0.733700 0.679500
-0.017900 -0.705600 0.708400
-0.018000 -0.705900 0.708000
0.010300 0.318100 0.948000
0.002200 -0.292500 0.956200
0.293000 -0.014400 0.956000
-0.733400 0.017100 0.679600
0.010400 0.316400 0.948600
-0.317000 -0.012200 0.948400
0.706300 0.017400 0.707700
0.000500 -0.443600 0.896200
0.000100 -0.360300 0.932800
-0.000200 0.861500 0.507700
-0.000500 0.637000 0.770900
-0.000100 0.360400 0.932800
0.532700 0.000100 0.846300
-0.360300 -0.000000 0.932800
-0.213300 0.194800 0.957400
-0.004100 -0.342000 0.939700
-0.121900 -0.035400 0.991900
0.147600 -0.054100 0.987600
0.229100 0.243400 0.942500
-0.460500 -0.188300 0.867500
-0.000000 -0.371900 0.928300
0.297000 0.705100 0.644000
0.460100 -0.188300 0.867700
-0.000000 0.982900 0.183900
-0.282500 0.727100 0.625700
-0.000000 -0.000000 1.000000
-0.577300 -0.000100 0.816500
0.000200 -0.577400 0.816500
0.816500 0.000200 0.577300
0.626900 -0.259700 0.734500
0.707100 -0.000000 0.707100
-0.000200 0.577500 0.816400
-0.000500 0.816500 0.577400
-0.577400 0.577300 0.577300
-0.626900 -0.259700 0.734500
-0.000000 -0.577300 0.816500
1.000000 0.000200 -0.000000
0.923900 -0.382700 -0.000000
0.707000 0.707200 -0.000000
-0.000300 1.000000 -0.000000
-1.000000 -0.000200 -0.000000
-0.000700 1.000000 -0.000000
-0.923900 -0.382700 -0.000000
-0.000000 -1.000000 -0.000000
0.000400 -1.000000 -0.000000
-0.000000 1.000000 -0.000000
-0.047300 0.659700 -0.750000
-0.000000 0.707000 0.707200
-0.000000 0.707000 -0.707200
116
1 0 1 2 0 1 2 1
1 0 2 3 0 2 3 1
1 4 5 0 4 5 0 1
1 6 7 8 6 1 5 1
1 9 10 11 7 8 9 1
1 5 1 0 5 1 0 1
1 12 13 14 10 7 11 1
1 15 16 17 12 13 14 1
1 15 17 18 12 14 8 1
1 19 20 21 13 15 14 1
1 22 23 24 16 17 11 1
1 25 26 27 15 18 7 1
1 28 29 30 15 7 9 1
1 31 32 33 10 8 7 1
1 34 35 36 8 17 12 1
1 13 37 14 7 18 11 1
1 38 39 40 17 8 10 1
1 41 42 43 12 19 13 1
1 44 45 46 15 20 21 1
1 47 48 49 21 22 11 1
1 50 51 52 13 23 20 1
1 50 52 53 13 20 15 1
1 54 55 56 24 19 16 1
1 57 58 59 11 22 24 1
1 6 60 61 6 25 2 1
1 6 61 7 6 2 1 1
1 62 63 64 26 0 3 1
1 65 62 64 27 26 3 1
1 35 66 36 17 16 12 1
1 67 68 69 26 28 4 1
1 67 69 70 26 4 0 1
1 71 6 8 29 6 5 1
1 72 73 74 30 31 26 1
1 75 76 69 29 5 4 1
1 77 78 60 27 3 25 1
1 79 80 81 29 32 6 1
1 82 72 74 27 30 26 1
1 83 84 85 33 32 28 1
1 81 86 87 6 34 35 1
1 81 87 88 6 35 25 1
1 89 90 91 26 31 33 1
1 92 93 94 26 33 28 1
1 80 86 81 32 34 6 1
1 95 96 97 15 21 18 1
1 98 99 100 11 24 16 1
1 101 102 103 18 21 11 1
1 42 104 43 19 23 13 1
1 23 105 24 17 10 11 1
1 10 106 11 8 14 9 1
1 20 107 21 15 9 14 1
1 108 75 69 28 29 4 1
1 88 87 109 25 35 27 1
1 78 61 60 3 2 25 1
1 84 110 85 32 29 28 1
1 109 87 111 27 35 30 1
1 55 112 56 19 12 16 1
1 111 87 87 30 35 36 1
1 111 87 111 30 36 36 1
1 104 42 42 23 19 36 1
1 104 42 104 23 36 36 1
1 55 54 54 19 24 36 1
1 55 54 55 19 36 36 1
1 73 72 72 31 30 36 1
1 73 72 73 31 36 36 1
1 84 83 83 32 33 36 1
1 84 83 84 32 36 36 1
1 48 47 47 22 21 36 1
1 48 47 48 22 36 36 1
1 59 58 58 24 22 36 1
1 59 58 59 24 36 36 1
1 91 90 90 33 31 36 1
1 91 90 91 33 36 36 1
1 55 54 54 36 36 37 1
1 55 54 55 36 37 38 1
1 104 42 42 36 36 38 1
1 104 42 104 36 38 39 1
1 84 83 83 36 36 40 1
1 84 83 84 36 40 41 1
1 59 58 58 36 36 42 1
1 59 58 59 36 42 37 1
1 48 47 47 36 36 43 1
1 48 47 48 36 43 42 1
1 111 87 87 36 36 44 1
1 111 87 111 36 44 45 1
1 91 90 90 36 36 46 1
1 91 90 91 36 46 40 1
1 73 72 72 36 36 45 1
1 73 72 73 36 45 46 1
1 104 42 113 39 38 47 1
1 84 114 115 41 48 49 1
1 59 116 117 37 50 51 1
1 48 47 118 42 43 52 1
1 48 118 119 42 52 50 1
1 111 87 120 45 44 53 1
1 91 90 121 40 46 48 1
1 122 73 123 54 46 53 1
1 55 124 125 38 51 55 1
1 126 127 128 35 56 57 1
1 126 128 126 35 57 44 1
1 73 72 123 46 45 53 1
1 120 87 129 53 44 57 1
1 114 84 83 48 41 40 1
1 121 90 130 48 46 54 1
1 131 132 133 32 58 56 1
1 131 133 127 32 56 56 1
1 131 127 134 32 56 34 1
1 132 127 133 59 56 56 1
1 132 133 131 59 56 56 1
1 127 126 134 56 35 34 1
1 116 59 58 50 37 42 1
1 124 55 54 51 38 37 1
1 113 42 135 47 38 55 1
1 136 137 138 43 50 52 1
1 139 140 141 52 50 50 1
1 142 143 144 47 50 50 1
1 144 145 142 50 39 47 1

Materials: 1
"Material01"
0.200000 0.200000 0.200000 1.000000
0.800000 0.800000 0.800000 1.000000
0.000000 0.000000 0.000000 1.000000
0.000000 0.000000 0.000000 1.000000
0.000000
1.000000
"texcher_4th.png"
""

Bones: 0
GroupComments: 0
MaterialComments: 0
BoneComments: 0
ModelComment: 0
