// MilkShape 3D ASCII

Frames: 30
Frame: 1

Meshes: 3
"outer" 0 0
96
0 3.533037 -6.013606 2.316382 0.670033 0.382193 -1
0 1.830998 -6.729279 2.316382 0.690343 0.397113 -1
0 2.102170 -7.745035 -0.131958 0.719169 0.394736 -1
0 5.679501 -5.672482 -0.131958 0.660353 0.363377 -1
0 6.020623 -3.526019 2.316382 0.599439 0.360386 -1
0 4.936104 -4.929086 2.316382 0.639256 0.369894 -1
0 6.736296 -1.823981 2.316381 0.551137 0.354113 -1
0 6.931824 -4.050478 -0.131958 0.614322 0.352399 -1
0 7.752053 -2.095153 -0.131958 0.558833 0.345209 -1
0 4.057497 -6.924806 -0.131958 0.695892 0.377595 -1
0 -5.679499 5.686515 -0.131960 0.338000 0.462951 -1
0 -6.020624 3.540051 2.316381 0.398913 0.465941 -1
0 -4.936104 4.943120 2.316381 0.359096 0.456434 -1
0 6.931823 4.064511 -0.131959 0.384030 0.352399 -1
0 5.679499 5.686516 -0.131960 0.338000 0.363377 -1
0 4.936104 4.943121 2.316381 0.359096 0.369894 -1
0 3.533035 6.027640 2.316381 0.328319 0.382193 -1
0 -7.752052 -2.095154 -0.131958 0.558833 0.481119 -1
0 -6.931821 -4.050479 -0.131958 0.614322 0.473929 -1
0 -6.020622 -3.526021 2.316382 0.599439 0.465941 -1
0 -4.936102 -4.929088 2.316382 0.639256 0.456434 -1
0 -5.679498 -5.672484 -0.131958 0.660353 0.462951 -1
0 -3.533034 -6.013607 2.316382 0.670033 0.444135 -1
0 0.000000 6.987721 2.316381 0.301073 0.413164 -1
0 1.830997 6.743313 2.316381 0.308009 0.397113 -1
0 2.102169 7.759068 -0.131960 0.279184 0.394736 -1
0 -8.504274 -2.295485 -2.580298 0.559074 0.649202 -1
0 -7.752052 -2.095154 -0.131958 0.553862 0.643070 -1
0 -8.032024 0.007016 -0.131959 0.499176 0.645352 -1
0 -7.606945 -4.438045 -2.580297 0.614811 0.641887 -1
0 -6.931821 -4.050479 -0.131958 0.604728 0.636383 -1
0 -6.931823 4.064510 -0.131959 0.384030 0.473929 -1
0 -8.504274 2.309515 -2.580299 0.439278 0.649202 -1
0 -7.752052 2.109185 -0.131959 0.444490 0.643070 -1
0 -6.931823 4.064510 -0.131959 0.393624 0.636383 -1
0 -8.810459 0.007015 -2.580298 0.499176 0.651698 -1
0 -7.752052 2.109185 -0.131959 0.439519 0.481119 -1
0 -6.736296 1.838013 2.316381 0.447215 0.472215 -1
0 -8.032024 0.007016 -0.131959 0.499176 0.483574 -1
0 -6.980705 0.007016 2.316381 0.499176 0.474358 -1
0 0.000001 -8.803444 -2.580297 0.728373 0.579872 -1
0 0.000001 -8.025008 -0.131958 0.708122 0.579872 -1
0 -2.102168 -7.745037 -0.131958 0.700839 0.597010 -1
0 4.445062 -7.599929 -2.580297 0.697064 0.543634 -1
0 4.057497 -6.924806 -0.131958 0.679501 0.546794 -1
0 2.102170 -7.745035 -0.131958 0.700839 0.562734 -1
0 -5.679499 5.686515 -0.131960 0.351429 0.626174 -1
0 -6.229936 6.236952 -2.580299 0.337110 0.630661 -1
0 -7.606946 4.452075 -2.580299 0.383542 0.641887 -1
0 6.980705 0.007016 2.316381 0.499176 0.351970 -1
0 8.504275 2.309516 -2.580299 0.439278 0.510542 -1
0 7.752052 2.109186 -0.131959 0.444490 0.516674 -1
0 8.032025 0.007016 -0.131959 0.499176 0.514392 -1
0 7.606948 4.452076 -2.580299 0.383542 0.517857 -1
0 6.931823 4.064511 -0.131959 0.393624 0.523361 -1
0 2.302500 8.511292 -2.580300 0.277945 0.561101 -1
0 2.102169 7.759068 -0.131960 0.297513 0.562734 -1
0 4.057495 6.938839 -0.131960 0.318851 0.546794 -1
0 8.032025 0.007016 -0.131959 0.499176 0.342754 -1
0 0.000001 -8.025008 -0.131958 0.727114 0.413164 -1
0 -0.000000 8.817476 -2.580300 0.269980 0.579872 -1
0 0.000000 8.039041 -0.131960 0.290230 0.579872 -1
0 -4.445060 7.613963 -2.580300 0.301288 0.616110 -1
0 -4.057494 6.938839 -0.131960 0.318851 0.612950 -1
0 -2.102169 7.759068 -0.131960 0.297513 0.597010 -1
0 -4.057494 6.938839 -0.131960 0.302460 0.448732 -1
0 0.000001 -6.973688 2.316382 0.697279 0.413164 -1
0 8.504275 -2.295484 -2.580298 0.559074 0.510542 -1
0 7.752053 -2.095153 -0.131958 0.553862 0.516674 -1
0 6.931824 -4.050478 -0.131958 0.604728 0.523361 -1
0 -3.533036 6.027640 2.316381 0.328319 0.444135 -1
0 -1.830997 6.743313 2.316381 0.308009 0.429215 -1
0 -2.102169 7.759068 -0.131960 0.279184 0.431592 -1
0 0.000000 8.039041 -0.131960 0.271238 0.413164 -1
0 6.020623 3.540052 2.316381 0.398913 0.360386 -1
0 6.736296 1.838014 2.316381 0.447215 0.354113 -1
0 7.752052 2.109186 -0.131959 0.439519 0.345209 -1
0 4.057495 6.938839 -0.131960 0.302460 0.377595 -1
0 -6.736296 -1.823982 2.316381 0.551137 0.472215 -1
0 -4.057493 -6.924807 -0.131958 0.695892 0.448732 -1
0 -2.102168 -7.745037 -0.131958 0.719169 0.431592 -1
0 -1.830997 -6.729279 2.316382 0.690343 0.429215 -1
0 -5.679498 -5.672484 -0.131958 0.646923 0.626174 -1
0 -6.229934 -6.222921 -2.580297 0.661242 0.630661 -1
0 -4.445058 -7.599932 -2.580297 0.697064 0.616110 -1
0 -4.057493 -6.924807 -0.131958 0.679501 0.612950 -1
0 -2.302499 -8.497259 -2.580297 0.720407 0.598643 -1
0 2.302502 -8.497258 -2.580297 0.720407 0.561101 -1
0 5.679501 -5.672482 -0.131958 0.646923 0.533570 -1
0 6.229937 -6.222919 -2.580297 0.661242 0.529083 -1
0 7.606947 -4.438044 -2.580297 0.614810 0.517857 -1
0 8.810460 0.007016 -2.580298 0.499176 0.508045 -1
0 5.679499 5.686516 -0.131960 0.351429 0.533570 -1
0 6.229935 6.236952 -2.580299 0.337110 0.529083 -1
0 4.445060 7.613964 -2.580300 0.301288 0.543634 -1
0 -2.302500 8.511292 -2.580300 0.277945 0.598643 -1
102
0.463000 -0.793800 0.394400
0.241100 -0.886700 0.394500
0.240500 -0.886800 0.394700
0.649700 -0.649800 0.394500
0.728100 -0.562500 0.391700
0.649700 -0.649800 0.394400
0.848600 -0.356000 0.391500
0.462300 -0.794000 0.394700
-0.649700 0.649800 0.394500
-0.728100 0.562500 0.391700
-0.649700 0.649800 0.394400
0.728200 0.562300 0.391800
0.562700 0.727900 0.391900
-0.848400 -0.355900 0.392000
-0.728000 -0.562700 0.391500
-0.562700 -0.727900 0.391900
-0.000100 0.918800 0.394600
0.240900 0.886600 0.394700
0.240400 0.886900 0.394500
-0.945400 -0.125900 0.300800
-0.879400 -0.368900 0.300900
-0.728300 0.562300 0.391500
-0.879600 0.369000 0.300400
-0.945400 0.125900 0.300600
-0.848600 0.356000 0.391500
-0.912100 0.121500 0.391600
-0.125900 -0.945400 0.300600
-0.848000 0.356600 0.392000
0.368900 -0.879400 0.300900
-0.755100 0.582600 0.300700
0.911900 -0.121700 0.391800
0.848000 -0.356600 0.392000
0.945400 0.125900 0.300800
0.879400 0.368900 0.300900
0.369000 0.879600 0.300400
0.912100 -0.121500 0.391600
-0.000000 -0.918800 0.394600
0.125900 0.945400 0.300600
-0.368900 0.879400 0.300900
-0.462300 0.794000 0.394700
0.000100 -0.918800 0.394600
0.728300 -0.562300 0.391500
0.919800 -0.249100 0.303100
0.919800 -0.249500 0.302900
0.879600 -0.368700 0.300600
-0.463000 0.793800 0.394400
-0.241100 0.886700 0.394500
-0.240500 0.886800 0.394700
-0.000000 0.918800 0.394600
0.728000 0.562700 0.391500
0.848300 0.356700 0.391400
0.562300 0.728300 0.391500
0.848400 0.355900 0.392000
0.912000 0.121500 0.391800
0.912000 0.121700 0.391600
-0.848300 -0.356700 0.391400
-0.912000 -0.121700 0.391600
-0.912000 -0.121500 0.391800
-0.728200 -0.562300 0.391800
-0.562300 -0.728300 0.391500
-0.240400 -0.886900 0.394500
-0.240900 -0.886600 0.394700
-0.356600 -0.848000 0.392000
-0.356200 -0.848400 0.391700
0.356600 0.848000 0.392000
0.356200 0.848400 0.391700
-0.945400 -0.125700 0.300600
-0.582600 -0.755100 0.300700
-0.879800 -0.368500 0.300400
-0.582900 -0.755000 0.300400
-0.754900 -0.582800 0.300700
-0.755200 -0.582600 0.300500
-0.879600 0.368400 0.300900
-0.369000 -0.879600 0.300400
-0.945400 0.125700 0.300700
-0.368400 -0.879600 0.300900
0.125900 -0.945400 0.300800
-0.125700 -0.945400 0.300700
0.125700 -0.945400 0.300600
0.755100 -0.582600 0.300700
0.368500 -0.879800 0.300400
0.582600 -0.755200 0.300500
0.755000 -0.582900 0.300400
0.582800 -0.754900 0.300700
0.945400 -0.125800 0.300700
0.945400 -0.125900 0.300600
0.879600 -0.368400 0.300900
0.945400 0.125700 0.300600
0.582600 0.755100 0.300700
0.879800 0.368500 0.300400
0.582900 0.755000 0.300400
0.754900 0.582800 0.300700
0.755200 0.582600 0.300500
0.368400 0.879600 0.300900
-0.125900 0.945400 0.300800
0.125700 0.945400 0.300700
-0.125700 0.945400 0.300600
-0.368500 0.879800 0.300400
-0.582600 0.755200 0.300500
-0.755000 0.582900 0.300400
-0.582800 0.754900 0.300700
-0.911900 0.121700 0.391800
96
0 0 1 2 0 1 2 1
0 3 4 5 3 4 5 1
0 6 7 8 6 6 6 1
0 9 3 5 7 3 5 1
0 10 11 12 8 9 10 1
0 13 14 15 11 11 11 1
0 15 14 16 12 12 12 1
0 17 18 19 13 13 13 1
0 20 19 18 14 14 14 1
0 21 22 20 15 15 15 1
0 23 24 25 16 17 18 1
0 26 27 28 19 19 19 1
0 29 30 27 20 20 20 1
0 10 31 11 8 21 9 1
0 32 33 34 22 22 22 1
0 35 28 33 23 23 23 1
0 31 36 37 24 24 24 1
0 38 39 36 25 25 25 1
0 40 41 42 26 26 26 1
0 37 11 31 27 27 27 1
0 43 44 45 28 28 28 1
0 46 47 48 29 29 29 1
0 8 49 6 30 30 30 1
0 6 4 7 31 31 31 1
0 50 51 52 32 32 32 1
0 53 54 51 33 33 33 1
0 55 56 57 34 34 34 1
0 8 58 49 35 35 35 1
0 59 2 1 36 2 1 1
0 0 9 5 0 7 5 1
0 60 61 56 37 37 37 1
0 62 63 64 38 38 38 1
0 9 0 2 7 0 2 1
0 65 10 12 39 8 10 1
0 66 59 1 40 36 1 1
0 3 7 4 3 41 4 1
0 67 68 69 42 43 44 1
0 70 65 12 45 39 10 1
0 70 71 72 45 46 47 1
0 71 23 73 46 16 48 1
0 73 72 71 48 47 46 1
0 65 70 72 39 45 47 1
0 74 13 15 49 49 49 1
0 74 75 76 50 50 50 1
0 14 77 16 51 51 51 1
0 13 74 76 52 52 52 1
0 58 76 75 53 53 53 1
0 49 58 75 54 54 54 1
0 78 17 19 55 55 55 1
0 78 39 38 56 56 56 1
0 38 17 78 57 57 57 1
0 21 20 18 58 58 58 1
0 21 79 22 59 59 59 1
0 80 59 66 60 36 40 1
0 81 80 66 61 60 40 1
0 81 22 79 61 62 63 1
0 79 80 81 63 60 61 1
0 24 16 77 17 64 65 1
0 77 25 24 65 18 17 1
0 73 23 25 48 16 18 1
0 35 26 28 66 66 66 1
0 82 83 84 67 67 67 1
0 26 29 27 68 68 68 1
0 85 82 84 69 69 69 1
0 82 30 83 70 70 70 1
0 30 29 83 71 71 71 1
0 48 32 34 72 72 72 1
0 86 42 85 73 73 73 1
0 32 35 33 74 74 74 1
0 84 86 85 75 75 75 1
0 87 45 41 76 76 76 1
0 86 40 42 77 77 77 1
0 40 87 41 78 78 78 1
0 88 89 90 79 79 79 1
0 87 43 45 80 80 80 1
0 44 43 89 81 81 81 1
0 69 88 90 82 82 82 1
0 88 44 89 83 83 83 1
0 67 91 68 42 84 43 1
0 91 52 68 84 85 43 1
0 90 67 69 86 42 44 1
0 91 50 52 87 87 87 1
0 92 93 94 88 88 88 1
0 50 53 51 89 89 89 1
0 57 92 94 90 90 90 1
0 92 54 93 91 91 91 1
0 54 53 93 92 92 92 1
0 94 55 57 93 93 93 1
0 95 64 61 94 94 94 1
0 55 60 56 95 95 95 1
0 60 95 61 96 96 96 1
0 95 62 64 97 97 97 1
0 63 62 47 98 98 98 1
0 34 46 48 99 99 99 1
0 46 63 47 100 100 100 1
0 39 37 36 101 101 101 1
"inner" 0 0
33
0 -6.940363 -2.874240 -0.614723 0.581573 0.129362 -1
0 -6.213155 -4.222158 -0.614722 0.619630 0.124386 -1
0 0.000000 -0.000000 -0.614723 0.500421 0.081878 -1
0 -2.874240 -6.940363 -0.614722 0.696377 0.101542 -1
0 -1.407127 -7.379019 -0.614722 0.708762 0.091505 -1
0 2.874240 -6.940363 -0.614722 0.696377 0.062213 -1
0 4.222158 -6.213155 -0.614722 0.675845 0.052991 -1
0 6.940363 -2.874240 -0.614723 0.581573 0.034394 -1
0 7.379019 -1.407127 -0.614723 0.540150 0.031393 -1
0 6.940363 2.874240 -0.614723 0.419269 0.034394 -1
0 6.213155 4.222158 -0.614723 0.381212 0.039369 -1
0 2.874240 6.940363 -0.614724 0.304465 0.062213 -1
0 1.407127 7.379019 -0.614724 0.292080 0.072251 -1
0 -2.874240 6.940363 -0.614724 0.304465 0.101542 -1
0 -4.222158 6.213155 -0.614724 0.324997 0.110764 -1
0 -6.940363 2.874240 -0.614723 0.419269 0.129362 -1
0 -7.379019 1.407127 -0.614723 0.460692 0.132363 -1
0 -5.311775 -5.311775 -0.614722 0.650395 0.118219 -1
0 -7.511984 -0.000000 -0.614723 0.500421 0.133272 -1
0 -7.379019 -1.407127 -0.614723 0.540150 0.132363 -1
0 -0.000000 -7.511984 -0.614722 0.712516 0.081878 -1
0 -4.222158 -6.213155 -0.614722 0.675845 0.110764 -1
0 5.311775 -5.311775 -0.614722 0.650395 0.045536 -1
0 1.407127 -7.379019 -0.614722 0.708762 0.072251 -1
0 7.511984 -0.000000 -0.614723 0.500421 0.030483 -1
0 6.213155 -4.222158 -0.614722 0.619630 0.039369 -1
0 5.311775 5.311775 -0.614723 0.350447 0.045536 -1
0 7.379019 1.407127 -0.614723 0.460692 0.031393 -1
0 -0.000000 7.511984 -0.614724 0.288326 0.081878 -1
0 4.222158 6.213155 -0.614724 0.324997 0.052991 -1
0 -5.311775 5.311775 -0.614723 0.350447 0.118219 -1
0 -1.407127 7.379019 -0.614724 0.292080 0.091505 -1
0 -6.213155 4.222158 -0.614723 0.381212 0.124386 -1
1
-0.000000 -0.000000 1.000000
32
0 0 1 2 0 0 0 1
0 3 4 2 0 0 0 1
0 5 6 2 0 0 0 1
0 7 8 2 0 0 0 1
0 9 10 2 0 0 0 1
0 11 12 2 0 0 0 1
0 13 14 2 0 0 0 1
0 15 16 2 0 0 0 1
0 17 2 1 0 0 0 1
0 2 18 19 0 0 0 1
0 0 2 19 0 0 0 1
0 20 2 4 0 0 0 1
0 2 17 21 0 0 0 1
0 3 2 21 0 0 0 1
0 22 2 6 0 0 0 1
0 2 20 23 0 0 0 1
0 5 2 23 0 0 0 1
0 24 2 8 0 0 0 1
0 2 22 25 0 0 0 1
0 7 2 25 0 0 0 1
0 26 2 10 0 0 0 1
0 2 24 27 0 0 0 1
0 9 2 27 0 0 0 1
0 28 2 12 0 0 0 1
0 2 26 29 0 0 0 1
0 11 2 29 0 0 0 1
0 30 2 14 0 0 0 1
0 2 28 31 0 0 0 1
0 13 2 31 0 0 0 1
0 18 2 16 0 0 0 1
0 2 30 32 0 0 0 1
0 15 2 32 0 0 0 1
"ornate" 0 1
49
0 0.000000 -0.000000 -0.551076 0.498609 0.502086 -1
0 -3.807847 -0.000000 -0.551076 0.432969 0.502015 -1
0 -3.518090 -1.456961 -0.551075 0.437936 0.527135 -1
0 -2.692554 -2.692554 -0.551075 0.452144 0.548450 -1
0 -1.456961 -3.518090 -0.551075 0.473427 0.562704 -1
0 0.000000 -3.807847 -0.551075 0.498537 0.567727 -1
0 1.456961 -3.518090 -0.551075 0.523658 0.562759 -1
0 2.692554 -2.692554 -0.551075 0.544973 0.548552 -1
0 3.518090 -1.456961 -0.551075 0.559227 0.527268 -1
0 3.807847 -0.000000 -0.551076 0.564249 0.502158 -1
0 3.518090 1.456961 -0.551076 0.559282 0.477037 -1
0 2.692554 2.692554 -0.551076 0.545074 0.455723 -1
0 1.456961 3.518090 -0.551076 0.523791 0.441469 -1
0 0.000000 3.807847 -0.551076 0.498681 0.436446 -1
0 -1.456961 3.518090 -0.551076 0.473560 0.441414 -1
0 -2.692554 2.692554 -0.551076 0.452245 0.455621 -1
0 -7.397647 1.471222 -0.551076 0.371115 0.476586 -1
0 -7.542524 -0.000000 -0.551076 0.368590 0.501944 -1
0 -3.518090 1.456961 -0.551076 0.437991 0.476905 -1
0 -6.968580 2.885926 -0.551076 0.378538 0.452207 -1
0 -4.190189 -6.271523 -0.551075 0.426260 0.610117 -1
0 -2.885926 -6.968580 -0.551075 0.448730 0.622157 -1
0 -5.333370 -5.333370 -0.551075 0.406571 0.593923 -1
0 1.471222 -7.397647 -0.551075 0.523831 0.629636 -1
0 2.885926 -6.968580 -0.551075 0.548226 0.622266 -1
0 0.000000 -7.542524 -0.551075 0.498467 0.632106 -1
0 6.271523 -4.190189 -0.551075 0.606639 0.574436 -1
0 6.968580 -2.885926 -0.551075 0.618680 0.551966 -1
0 5.333370 -5.333370 -0.551075 0.590446 0.594124 -1
0 7.397647 1.471222 -0.551076 0.626159 0.476865 -1
0 6.968580 2.885926 -0.551076 0.618789 0.452470 -1
0 7.542524 -0.000000 -0.551076 0.628628 0.502229 -1
0 4.190189 6.271523 -0.551076 0.570958 0.394056 -1
0 2.885926 6.968580 -0.551076 0.548489 0.382015 -1
0 5.333370 5.333370 -0.551076 0.590647 0.410250 -1
0 -1.471222 7.397647 -0.551076 0.473387 0.374537 -1
0 -2.885926 6.968580 -0.551076 0.448992 0.381907 -1
0 0.000000 7.542524 -0.551076 0.498751 0.372067 -1
0 -6.271523 4.190189 -0.551076 0.390579 0.429737 -1
0 -5.333370 5.333370 -0.551076 0.406772 0.410048 -1
0 -4.190189 6.271523 -0.551076 0.426496 0.393898 -1
0 1.471222 7.397647 -0.551076 0.524110 0.374593 -1
0 6.271523 4.190189 -0.551076 0.606798 0.429974 -1
0 7.397647 -1.471222 -0.551075 0.626103 0.527587 -1
0 4.190189 -6.271523 -0.551075 0.570722 0.610275 -1
0 -1.471222 -7.397647 -0.551075 0.473108 0.629580 -1
0 -6.271523 -4.190189 -0.551075 0.390421 0.574199 -1
0 -6.968580 -2.885926 -0.551075 0.378429 0.551703 -1
0 -7.397647 -1.471222 -0.551075 0.371060 0.527308 -1
1
-0.000000 -0.000000 1.000000
64
0 0 1 2 0 0 0 1
0 0 2 3 0 0 0 1
0 0 4 5 0 0 0 1
0 0 6 7 0 0 0 1
0 0 8 9 0 0 0 1
0 0 10 11 0 0 0 1
0 0 12 13 0 0 0 1
0 0 14 15 0 0 0 1
0 1 16 17 0 0 0 1
0 0 15 18 0 0 0 1
0 0 13 14 0 0 0 1
0 0 11 12 0 0 0 1
0 0 9 10 0 0 0 1
0 0 7 8 0 0 0 1
0 0 5 6 0 0 0 1
0 0 3 4 0 0 0 1
0 0 18 1 0 0 0 1
0 1 18 16 0 0 0 1
0 18 19 16 0 0 0 1
0 4 20 21 0 0 0 1
0 4 3 20 0 0 0 1
0 3 22 20 0 0 0 1
0 6 23 24 0 0 0 1
0 6 5 23 0 0 0 1
0 5 25 23 0 0 0 1
0 8 26 27 0 0 0 1
0 8 7 26 0 0 0 1
0 7 28 26 0 0 0 1
0 10 29 30 0 0 0 1
0 10 9 29 0 0 0 1
0 9 31 29 0 0 0 1
0 12 32 33 0 0 0 1
0 12 11 32 0 0 0 1
0 11 34 32 0 0 0 1
0 14 35 36 0 0 0 1
0 14 13 35 0 0 0 1
0 13 37 35 0 0 0 1
0 18 38 19 0 0 0 1
0 18 15 38 0 0 0 1
0 15 39 38 0 0 0 1
0 15 40 39 0 0 0 1
0 15 14 40 0 0 0 1
0 14 36 40 0 0 0 1
0 13 41 37 0 0 0 1
0 13 12 41 0 0 0 1
0 12 33 41 0 0 0 1
0 11 42 34 0 0 0 1
0 11 10 42 0 0 0 1
0 10 30 42 0 0 0 1
0 9 43 31 0 0 0 1
0 9 8 43 0 0 0 1
0 8 27 43 0 0 0 1
0 7 44 28 0 0 0 1
0 7 6 44 0 0 0 1
0 6 24 44 0 0 0 1
0 5 45 25 0 0 0 1
0 5 4 45 0 0 0 1
0 4 21 45 0 0 0 1
0 3 46 22 0 0 0 1
0 3 2 46 0 0 0 1
0 2 47 46 0 0 0 1
0 2 48 47 0 0 0 1
0 2 1 48 0 0 0 1
0 1 17 48 0 0 0 1

Materials: 2
"default"
1.000000 1.000000 1.000000 1.000000
0.800000 0.800000 0.800000 1.000000
0.000000 0.000000 0.000000 1.000000
0.000000 0.000000 0.000000 1.000000
0.192000
1.000000
"_mine tex.png"
""
"ornate"
0.000000 0.000000 0.000000 1.000000
1.000000 1.000000 1.000000 1.000000
1.000000 1.000000 1.000000 1.000000
0.000000 0.000000 0.000000 1.000000
0.000000
1.000000
"_mine ornate.png"
""

Bones: 1
"joint1"
""
0 0 0 0 0 0 0
2
1.000000 0.000000 0.000000 0.000000
60.000000 0.000000 0.000000 0.000000
3
1.000000 0.000000 0.000000 0.000000
30.000000 0.000000 0.000000 -3.1
60.000000 0.000000 0.000000 -6.2

GroupComments: 0
MaterialComments: 0
BoneComments: 0
ModelComment: 0
