// MilkShape 3D ASCII

Frames: 30
Frame: 1

Meshes: 2
"inkblack arrow mesh border of life" 0 0
106
3 0.000000 -5.137908 0.000000 0.000000 1.000000 -1
3 -9.660185 4.522276 -0.000000 1.000000 1.000000 -1
3 -11.510276 6.948467 -0.000000 1.000000 0.000000 -1
3 0.000846 -7.709101 0.000002 0.000000 0.000000 -1
3 9.660185 4.522276 -0.000000 0.000000 1.000000 -1
3 0.000000 -5.137908 0.000000 1.000000 1.000000 -1
3 0.000846 -7.709101 0.000002 1.000000 0.000000 -1
3 11.511969 6.948467 -0.000000 0.000000 0.000000 -1
3 -11.808359 3.167025 -0.000638 0.000000 1.000000 -1
3 0.000000 -8.641335 0.000690 1.000000 1.000000 -1
3 -11.510276 6.948467 -0.000000 0.000000 0.000000 -1
3 0.000000 -8.641335 0.000690 0.000000 1.000000 -1
3 11.808358 3.167025 0.001322 1.000000 1.000000 -1
3 11.511969 6.948467 -0.000000 1.000000 0.000000 -1
3 -8.816691 30.358658 -0.000008 0.999451 1.000549 -1
3 -10.627589 32.821732 -0.000008 1.000549 0.000549 -1
3 -11.251744 32.563202 -0.000008 0.000549 -0.000549 -1
3 -9.413133 30.111605 -0.000008 -0.000549 0.999451 -1
3 -9.413133 30.111605 -0.000008 0.999451 1.000549 -1
3 -11.251744 32.563202 -0.000008 1.000549 0.000549 -1
3 -11.510276 31.939047 -0.000008 0.000549 -0.000549 -1
3 -9.660185 29.515165 -0.000008 -0.000549 0.999451 -1
3 -9.660185 4.522276 -0.000000 0.000000 1.000000 -1
3 -9.660185 29.515165 -0.000008 1.000000 1.000000 -1
3 -11.510276 31.939047 -0.000008 1.000000 0.000000 -1
3 -8.816691 30.358658 -0.000008 0.000000 1.000000 -1
3 0.000000 30.358658 -0.000008 1.000000 1.000000 -1
3 0.000846 32.821732 -0.000008 1.000000 0.000000 -1
3 -10.627589 32.821732 -0.000008 0.000000 0.000000 -1
3 10.629295 32.821732 -0.000008 0.001833 -0.001826 -1
3 8.710303 30.358658 -0.000008 -0.001826 0.998167 -1
3 9.381970 30.080444 -0.000008 0.998167 1.001826 -1
3 11.253428 32.530594 -0.000008 1.001826 0.001833 -1
3 11.253428 32.530594 -0.000008 0.001833 -0.001826 -1
3 9.381970 30.080444 -0.000008 -0.001826 0.998167 -1
3 9.660185 29.408775 -0.000008 0.998167 1.001826 -1
3 11.511969 31.939068 -0.000008 1.001826 0.001833 -1
3 9.660185 29.408775 -0.000008 0.000000 1.000000 -1
3 9.660185 4.522276 -0.000000 1.000000 1.000000 -1
3 11.511969 31.939068 -0.000008 0.000000 0.000000 -1
3 0.000000 30.358658 -0.000008 0.000000 1.000000 -1
3 8.710303 30.358658 -0.000008 1.000000 1.000000 -1
3 10.629295 32.821732 -0.000008 1.000000 0.000000 -1
3 0.000846 32.821732 -0.000008 0.000000 0.000000 -1
3 17.845266 12.816108 0.008903 0.001833 -0.001826 -1
3 18.107325 9.593791 0.009567 -0.001826 0.998167 -1
3 18.728676 9.856913 0.011071 0.998167 1.001826 -1
3 18.495491 13.091455 0.010303 1.001826 0.001833 -1
3 18.495491 13.091455 0.010303 0.001833 -0.001826 -1
3 18.728676 9.856913 0.011071 -0.001826 0.998167 -1
3 19.351349 9.596938 0.013554 0.998167 1.001826 -1
3 19.147097 12.819401 0.012584 1.001826 0.001833 -1
3 11.808358 3.167025 0.001322 0.000000 1.000000 -1
3 18.107325 9.593791 0.009567 1.000000 1.000000 -1
3 17.845266 12.816108 0.008903 1.000000 0.000000 -1
3 -19.114504 12.850600 -0.000003 0.001833 -0.001826 -1
3 -19.321814 9.626741 0.000752 -0.001826 0.998167 -1
3 -18.728626 9.874414 0.000671 0.998167 1.001826 -1
3 -18.493755 13.109779 -0.000004 1.001826 0.001833 -1
3 -18.493755 13.109779 -0.000004 0.001833 -0.001826 -1
3 -18.728626 9.874414 0.000671 -0.001826 0.998167 -1
3 -18.136694 9.623753 0.000571 0.998167 1.001826 -1
3 -17.874317 12.847473 -0.000003 1.001826 0.001833 -1
3 -18.136694 9.623753 0.000571 0.000000 1.000000 -1
3 -11.808359 3.167025 -0.000638 1.000000 1.000000 -1
3 -17.874317 12.847473 -0.000003 0.000000 0.000000 -1
3 -31.977991 -2.259821 0.000001 0.001833 -0.001826 -1
3 -28.954491 -1.821586 0.001868 -0.001826 0.998167 -1
3 -29.309786 -0.965029 0.001893 0.998167 1.001826 -1
3 -32.349792 -1.363462 0.000000 1.001826 0.001833 -1
3 -32.349792 -1.363462 0.000000 0.001833 -0.001826 -1
3 -29.309786 -0.965029 0.001893 -0.001826 0.998167 -1
3 -28.958536 -0.106803 0.001847 0.998167 1.001826 -1
3 -31.982225 -0.465359 0.000000 1.001826 0.001833 -1
3 -28.958536 -0.106803 0.001847 0.000000 1.000000 -1
3 -19.321814 9.626741 0.000752 1.000000 1.000000 -1
3 -19.114504 12.850600 -0.000003 1.000000 0.000000 -1
3 -31.982225 -0.465359 0.000000 0.000000 0.000000 -1
3 -1.023354 -29.768257 -0.000589 0.999451 1.000549 -1
3 -1.070064 -33.184944 0.000010 1.000549 0.000549 -1
3 0.000847 -33.628773 0.000667 0.000549 -0.000549 -1
3 0.000006 -30.192383 0.000026 -0.000549 0.999451 -1
3 0.000006 -30.192383 0.000026 0.999451 1.000549 -1
3 0.000847 -33.628773 0.000667 1.000549 0.000549 -1
3 1.071759 -33.184948 0.002250 0.000549 -0.000549 -1
3 1.023367 -29.768261 0.001638 -0.000549 0.999451 -1
3 -1.023354 -29.768257 -0.000589 0.000000 1.000000 -1
3 -28.954491 -1.821586 0.001868 1.000000 1.000000 -1
3 -31.977991 -2.259821 0.000001 1.000000 0.000000 -1
3 -1.070064 -33.184944 0.000010 0.000000 0.000000 -1
3 28.777922 -1.998458 0.064468 1.000232 0.999768 -1
3 31.794924 -2.444906 0.066492 0.999768 -0.000232 -1
3 32.243610 -1.363211 0.066688 -0.000232 0.000232 -1
3 29.206688 -0.964795 0.064588 0.000232 1.000232 -1
3 29.206688 -0.964795 0.064588 1.000232 0.999768 -1
3 32.243610 -1.363211 0.066688 0.999768 -0.000232 -1
3 31.800037 -0.279417 0.063970 -0.000232 0.000232 -1
3 28.782810 0.070875 0.061575 0.000232 1.000232 -1
3 28.777922 -1.998458 0.064468 0.000000 1.000000 -1
3 1.023367 -29.768261 0.001638 1.000000 1.000000 -1
3 1.071759 -33.184948 0.002250 1.000000 0.000000 -1
3 31.794924 -2.444906 0.066492 0.000000 0.000000 -1
3 19.351349 9.596938 0.013554 0.000000 1.000000 -1
3 28.782810 0.070875 0.061575 1.000000 1.000000 -1
3 31.800037 -0.279417 0.063970 1.000000 0.000000 -1
3 19.147097 12.819401 0.012584 0.000000 0.000000 -1
30
-0.000000 -0.000000 1.000000
-0.000200 0.000200 1.000000
-0.000700 0.000100 1.000000
-0.000300 0.000200 1.000000
-0.000800 0.000300 1.000000
-0.002000 0.000100 1.000000
-0.001800 0.000100 1.000000
-0.003000 -0.000000 1.000000
-0.002900 0.001300 1.000000
-0.003400 0.000500 1.000000
-0.000100 0.000300 1.000000
-0.000300 0.000400 1.000000
0.000100 0.000200 1.000000
0.000100 0.000100 1.000000
-0.000400 -0.000200 1.000000
-0.000300 -0.000200 1.000000
-0.000600 -0.000000 1.000000
-0.000500 0.000400 1.000000
-0.000600 0.000300 1.000000
-0.000300 -0.000100 1.000000
-0.000400 0.000100 1.000000
-0.001100 0.000200 1.000000
-0.001600 -0.000000 1.000000
-0.001600 -0.000300 1.000000
-0.001200 -0.000300 1.000000
-0.001000 -0.000100 1.000000
-0.000600 0.001200 1.000000
-0.000500 0.001400 1.000000
-0.000900 0.002400 1.000000
-0.001900 0.002100 1.000000
56
3 0 1 2 0 0 0 1
3 0 2 3 0 0 1 1
3 4 5 6 0 0 1 1
3 4 6 7 0 1 2 1
3 8 9 6 0 3 1 1
3 8 6 10 0 1 0 1
3 11 12 13 3 4 2 1
3 11 13 3 3 2 1 1
3 14 15 16 0 0 0 1
3 14 16 17 0 0 0 1
3 18 19 20 0 0 0 1
3 18 20 21 0 0 0 1
3 22 23 24 0 0 0 1
3 22 24 10 0 0 0 1
3 25 26 27 0 0 0 1
3 25 27 28 0 0 0 1
3 29 30 31 0 0 0 1
3 29 31 32 0 0 0 1
3 33 34 35 0 0 0 1
3 33 35 36 0 0 0 1
3 37 38 13 0 0 2 1
3 37 13 39 0 2 0 1
3 40 41 42 0 0 0 1
3 40 42 43 0 0 0 1
3 44 45 46 5 6 7 1
3 44 46 47 5 7 7 1
3 48 49 50 7 7 8 1
3 48 50 51 7 8 9 1
3 52 53 54 4 6 5 1
3 52 54 7 4 5 2 1
3 55 56 57 10 11 12 1
3 55 57 58 10 12 12 1
3 59 60 61 12 12 13 1
3 59 61 62 12 13 13 1
3 63 64 2 13 0 0 1
3 63 2 65 13 0 13 1
3 66 67 68 14 15 16 1
3 66 68 69 14 16 16 1
3 70 71 72 16 16 17 1
3 70 72 73 16 17 18 1
3 74 75 76 17 11 10 1
3 74 76 77 17 10 18 1
3 78 79 80 19 20 21 1
3 78 80 81 19 21 21 1
3 82 83 84 21 21 22 1
3 82 84 85 21 22 23 1
3 86 87 88 19 15 14 1
3 86 88 89 19 14 20 1
3 90 91 92 24 25 26 1
3 90 92 93 24 26 27 1
3 94 95 96 27 26 28 1
3 94 96 97 27 28 29 1
3 98 99 100 24 23 22 1
3 98 100 101 24 22 25 1
3 102 103 104 8 29 28 1
3 102 104 105 8 28 9 1
"default" 0 1
159
1 -18.500000 10.500000 -0.000000 0.412706 0.016037 -1
1 -30.000000 -1.000000 2.259127 0.417668 0.015923 -1
1 -18.500000 10.500000 2.279908 0.399663 0.016049 -1
1 0.000000 -31.000000 0.000003 0.529736 0.015919 -1
1 30.000000 -1.000000 0.000000 0.708125 0.015939 -1
1 30.000000 -1.000000 2.322359 0.722092 0.015923 -1
1 18.500000 10.500000 -0.000000 0.723559 0.016036 -1
1 0.000000 -8.000000 2.292477 0.519748 0.016266 -1
1 0.000000 -8.000000 0.000001 0.530393 0.016207 -1
1 -18.500000 10.500000 -0.000000 0.412706 0.016148 -1
1 10.000000 30.500000 2.307609 0.636641 0.015960 -1
1 10.000000 30.500000 0.085503 0.581637 0.015960 -1
1 -10.000000 30.500000 0.085503 0.581637 0.015899 -1
1 -10.000000 30.500000 2.307609 0.636641 0.015899 -1
1 -10.000000 4.000000 2.307611 0.636641 0.015818 -1
1 -10.000000 4.000000 0.085505 0.581637 0.015818 -1
1 0.000000 -5.686499 2.307612 0.636640 0.015776 -1
1 -8.870457 29.370457 2.307609 0.545769 0.016332 -1
1 8.870457 29.370457 2.307609 0.699411 0.016330 -1
1 10.000000 30.500000 2.307609 0.710130 0.016371 -1
1 8.870457 29.370457 2.307609 0.699304 0.016331 -1
1 10.000000 4.000000 2.307611 0.711414 0.015577 -1
1 10.000000 30.500000 2.307609 0.710023 0.016372 -1
1 -8.870456 4.478444 2.307611 0.533263 0.015603 -1
1 -8.870457 29.370457 2.307609 0.545779 0.016330 -1
1 -10.000000 4.000000 2.307611 0.522544 0.015586 -1
1 0.000000 -4.113923 2.307612 0.615496 0.015341 -1
1 0.000000 -5.686499 2.307612 0.615496 0.015285 -1
1 8.870456 4.478444 2.307611 0.701622 0.015592 -1
1 0.000000 -4.113923 2.307612 0.615472 0.015341 -1
1 10.000000 4.000000 2.307611 0.712341 0.015575 -1
1 -5.640434 25.903669 7.455309 0.525296 0.016150 -1
1 5.640434 25.903669 7.455309 0.581924 0.016165 -1
1 -8.870457 29.370457 2.307609 0.491298 0.016296 -1
1 5.640434 6.121010 7.455311 0.584290 0.015757 -1
1 8.870457 29.370457 2.307609 0.618787 0.016295 -1
1 -5.640434 6.121010 7.455311 0.517152 0.015761 -1
1 -8.870456 4.478444 2.307611 0.480687 0.015691 -1
1 0.000000 1.038937 7.455311 0.550153 0.015661 -1
1 0.000000 -4.113923 2.307612 0.549238 0.015473 -1
1 8.870456 4.478444 2.307611 0.620165 0.015681 -1
1 28.310608 -1.000000 2.319308 0.726971 0.015830 -1
1 0.000000 -31.000000 2.317939 0.502095 0.015675 -1
1 30.000000 -1.000000 2.322359 0.737157 0.015803 -1
1 0.000000 -9.689392 2.332744 0.594233 0.016185 -1
1 18.500000 8.810608 2.312293 0.733305 0.016178 -1
1 18.500000 10.500000 2.345506 0.740161 0.016216 -1
1 0.000000 -29.310608 2.339880 0.608517 0.015695 -1
1 -28.310608 -1.000000 2.259127 0.391268 0.015828 -1
1 0.000000 -31.000000 2.317939 0.615120 0.015656 -1
1 -18.500000 8.810608 2.310674 0.387500 0.016178 -1
1 0.000000 -9.689392 2.332744 0.526213 0.016173 -1
1 -18.500000 10.500000 2.279908 0.380895 0.016216 -1
1 18.500000 8.810608 2.312293 0.733453 0.016178 -1
1 30.000000 -1.000000 2.322359 0.737211 0.015803 -1
1 18.500000 10.500000 2.345506 0.740309 0.016216 -1
1 -28.310608 -1.000000 2.259127 0.391225 0.015828 -1
1 -18.500000 10.500000 2.279908 0.380693 0.016218 -1
1 -30.000000 -1.000000 2.259127 0.380869 0.015803 -1
1 24.249001 -1.285070 7.434952 0.697026 0.015922 -1
1 0.000000 -29.310608 2.339880 0.508968 0.015714 -1
1 28.310608 -1.000000 2.319308 0.726781 0.015831 -1
1 -0.000000 -14.491851 7.438784 0.570106 0.016050 -1
1 18.436001 4.527680 7.480211 0.703418 0.016061 -1
1 18.500000 8.810608 2.312293 0.733545 0.016177 -1
1 -0.000000 -24.845680 7.471114 0.582234 0.015848 -1
1 -24.248974 -1.285070 7.449560 0.419498 0.015926 -1
1 0.000000 -29.310608 2.339880 0.608304 0.015696 -1
1 -18.436222 4.527680 7.427288 0.420139 0.016064 -1
1 -0.000000 -14.491851 7.438784 0.549675 0.016038 -1
1 -18.500000 8.810608 2.310674 0.387653 0.016180 -1
1 -28.310608 -1.000000 2.259127 0.391020 0.015829 -1
1 0.000000 -9.689392 2.332744 0.526496 0.016173 -1
1 0.000000 -8.000000 2.292477 0.519608 0.016212 -1
1 -18.500000 8.810608 2.310674 0.387298 0.016179 -1
1 0.000000 -8.000000 2.292477 0.601089 0.016222 -1
1 0.000000 -9.689392 2.332744 0.594082 0.016183 -1
1 -30.000000 -1.000000 2.259127 0.380912 0.015803 -1
1 -0.000000 -24.845680 7.471114 0.536139 0.015864 -1
1 0.000000 -29.310608 2.339880 0.508950 0.015713 -1
1 28.310608 -1.000000 2.319308 0.727025 0.015830 -1
1 -30.000000 -1.000000 2.259127 0.417668 0.015764 -1
1 0.000000 -31.000000 0.000003 0.606943 0.015783 -1
1 0.000000 -31.000000 2.317939 0.615248 0.015737 -1
1 30.000000 -1.000000 2.322359 0.722092 0.015763 -1
1 0.000000 -31.000000 2.317939 0.521702 0.015706 -1
1 0.000000 -31.000000 0.000003 0.529736 0.015752 -1
1 18.500000 10.500000 2.345506 0.736849 0.016048 -1
1 -18.500000 10.500000 2.279908 0.399663 0.016188 -1
1 -10.000000 30.500000 2.307609 0.535060 0.016371 -1
1 8.870456 4.478444 2.307611 0.700695 0.015594 -1
1 0.000000 -5.686499 2.307612 0.615472 0.015284 -1
1 -10.000000 30.500000 2.307609 0.535050 0.016372 -1
1 -10.000000 30.500000 0.085503 0.581637 0.015684 -1
1 -10.000000 30.500000 2.307609 0.636641 0.015684 -1
1 10.000000 30.500000 2.307609 0.636641 0.015889 -1
1 10.000000 30.500000 0.085503 0.581637 0.015889 -1
1 10.000000 4.000000 2.307611 0.636641 0.016162 -1
1 0.000000 -5.686499 2.307612 0.546337 0.015682 -1
1 -10.000000 4.000000 0.085505 0.586871 0.015707 -1
1 0.000000 -5.686500 2.393117 0.547761 0.015691 -1
1 10.000000 4.000000 2.307611 0.511797 0.015701 -1
1 -30.000000 -1.000000 0.000000 0.430564 0.015940 -1
1 0.000000 -31.000000 0.000003 0.606943 0.015929 -1
1 0.000000 -5.686500 2.393117 0.638757 0.016305 -1
1 10.000000 4.000000 0.085505 0.581637 0.016162 -1
1 10.000000 4.000000 2.307611 0.636641 0.016041 -1
1 10.000000 4.000000 0.085505 0.581637 0.016041 -1
1 0.000000 -5.686500 2.393117 0.638757 0.016084 -1
1 -10.000000 4.000000 0.085505 0.581637 0.016126 -1
1 0.000000 -5.686500 0.085506 0.581637 0.016084 -1
1 -5.640434 25.903669 7.455309 0.270638 0.015931 -1
1 -6.503583 27.391262 2.340352 0.270638 0.015931 -1
1 -6.503582 5.868663 2.340353 0.270871 0.015939 -1
1 -5.640434 6.121010 7.455311 0.270871 0.015939 -1
1 -24.248974 -1.285070 7.449560 0.278244 0.016037 -1
1 -24.720331 -1.000000 2.280326 0.278244 0.016037 -1
1 0.000000 -25.720331 2.280328 0.273987 0.016033 -1
1 -0.000000 -24.845680 7.471114 0.273987 0.016033 -1
1 -18.436222 4.527680 7.427288 0.278182 0.016038 -1
1 -18.500000 5.220332 2.280326 0.278182 0.016038 -1
1 18.436001 4.527680 7.480211 0.279653 0.016122 -1
1 18.500000 5.220332 2.280326 0.279653 0.016122 -1
1 0.000000 -13.279669 2.280327 0.279729 0.016140 -1
1 -0.000000 -14.491851 7.438784 0.279729 0.016140 -1
1 5.640434 6.121010 7.455311 0.266895 0.015939 -1
1 6.503582 5.868663 2.340353 0.266895 0.015939 -1
1 6.503583 27.391262 2.340352 0.267397 0.015940 -1
1 5.640434 25.903669 7.455309 0.267397 0.015940 -1
1 0.000000 1.038937 7.455311 0.269114 0.015830 -1
1 0.000000 -0.818710 2.340354 0.269114 0.015830 -1
1 6.503582 5.868663 2.340353 0.266895 0.015818 -1
1 5.640434 6.121010 7.455311 0.266895 0.015818 -1
1 24.249001 -1.285070 7.434952 0.277926 0.016032 -1
1 24.720331 -1.000000 2.280326 0.277926 0.016032 -1
1 18.500000 5.220332 2.280326 0.279653 0.016029 -1
1 18.436001 4.527680 7.480211 0.279653 0.016029 -1
1 -5.640434 6.121010 7.455311 0.270871 0.015820 -1
1 -6.503582 5.868663 2.340353 0.270871 0.015820 -1
1 -18.500000 5.220332 2.280326 0.278182 0.016151 -1
1 -18.436222 4.527680 7.427288 0.278182 0.016151 -1
1 5.640434 25.903669 7.455309 0.089355 0.014699 -1
1 -5.640434 25.903669 7.455309 0.150706 0.014697 -1
1 0.000000 1.038937 7.455311 0.120018 0.014939 -1
1 5.640434 6.121010 7.455311 0.089290 0.014866 -1
1 -5.640434 6.121010 7.455311 0.150640 0.014863 -1
1 24.249001 -1.285070 7.434952 0.190283 0.014697 -1
1 18.436001 4.527680 7.480211 0.140338 0.014697 -1
1 -0.000000 -24.845680 7.471114 0.191064 0.014937 -1
1 -0.000000 -24.845680 7.471114 0.044958 0.014941 -1
1 -0.000000 -14.491851 7.438784 0.093227 0.014913 -1
1 -18.436222 4.527680 7.427288 0.095600 0.014699 -1
1 -0.000000 -14.491851 7.438784 0.142297 0.014913 -1
1 -24.248974 -1.285070 7.449560 0.049418 0.014700 -1
1 18.500000 10.500000 2.345506 0.736849 0.016186 -1
1 18.500000 10.500000 -0.000000 0.723559 0.016144 -1
1 0.000000 -8.000000 2.292477 0.614093 0.016242 -1
1 0.000000 -8.000000 0.000001 0.603792 0.016182 -1
1 0.000000 -5.686500 0.085506 0.581637 0.016305 -1
58
-0.707100 0.707100 -0.000000
0.707100 -0.707100 -0.000000
0.707100 0.707100 -0.000000
-0.000000 1.000000 -0.000000
-1.000000 -0.000000 -0.000000
-0.695800 -0.718300 -0.000000
-0.000000 -0.000000 1.000000
-0.000000 0.829400 0.558600
0.847100 -0.000000 0.531500
-0.847100 -0.000000 0.531500
-0.537100 -0.596100 0.596700
0.579100 -0.597900 0.554200
-0.001800 0.001700 1.000000
0.020800 -0.019700 0.999600
-0.015800 -0.013000 0.999800
0.017000 0.018200 0.999700
-0.017600 -0.019700 0.999700
-0.000000 -0.001800 1.000000
0.627000 -0.626600 0.462900
-0.625100 0.604800 0.493500
-0.591500 -0.608300 0.529300
0.622600 0.603800 0.497700
0.607500 0.607900 0.511300
-0.609500 0.606800 0.510300
0.588400 0.589000 0.554000
0.023100 0.023800 0.999400
-0.604900 0.606900 0.515500
-0.023500 0.018200 0.999600
-0.026700 0.023800 0.999400
-0.588400 0.589000 0.554000
-0.000000 0.002000 1.000000
-0.629300 -0.628000 0.457900
0.591700 -0.608200 0.529200
0.013700 -0.013000 0.999800
-0.001800 -0.001100 1.000000
0.607700 0.603700 0.516100
-0.707100 -0.707100 -0.000000
0.537100 -0.596100 0.596700
-0.579100 -0.597900 0.554200
1.000000 -0.000000 -0.000000
0.695800 0.718300 -0.000000
-0.695800 0.718300 -0.000000
0.695800 -0.718300 -0.000000
-0.986100 -0.000000 0.166400
-0.700300 -0.710200 0.072300
-0.703200 0.703400 0.103100
-0.707200 0.696100 0.123600
0.986100 -0.000000 0.166400
0.681500 -0.703200 0.202500
0.703500 0.703200 0.102800
-0.000000 0.960200 0.279300
0.700300 -0.710200 0.072400
-0.681500 -0.703200 0.202500
0.707100 0.696100 0.124300
0.004600 -0.003200 1.000000
0.002600 0.003100 1.000000
-0.005500 0.003100 1.000000
0.001400 0.002400 1.000000
99
1 0 1 2 0 0 0 1
1 3 4 5 1 1 1 1
1 4 6 5 2 2 2 1
1 7 8 9 2 2 2 1
1 10 11 12 3 3 3 1
1 13 12 14 4 4 4 1
1 14 15 16 5 5 5 1
1 17 18 19 6 6 6 1
1 20 21 22 6 6 6 1
1 23 24 25 6 6 6 1
1 26 25 27 6 6 6 1
1 28 29 30 6 6 6 1
1 31 32 33 7 7 7 1
1 32 34 35 8 8 8 1
1 36 33 37 9 9 9 1
1 38 36 39 10 10 10 1
1 34 39 40 11 11 11 1
1 41 42 43 12 12 12 1
1 44 45 46 13 13 13 1
1 47 48 49 14 14 14 1
1 50 51 52 15 15 15 1
1 53 54 55 16 16 16 1
1 56 57 58 17 17 17 1
1 59 60 61 18 18 18 1
1 62 63 64 19 19 19 1
1 65 66 67 20 20 20 1
1 68 69 70 21 21 21 1
1 63 61 64 22 22 22 1
1 66 70 71 23 23 23 1
1 70 69 72 24 24 24 1
1 52 51 73 25 25 25 1
1 70 66 68 26 26 26 1
1 57 56 74 27 27 27 1
1 46 75 44 28 28 28 1
1 64 76 62 29 29 29 1
1 49 48 77 30 30 30 1
1 67 66 71 31 31 31 1
1 60 59 78 32 32 32 1
1 42 41 79 33 33 33 1
1 54 53 80 34 34 34 1
1 61 63 59 35 35 35 1
1 81 82 83 36 36 36 1
1 84 85 86 1 1 1 1
1 5 6 87 2 2 2 1
1 7 9 88 2 2 2 1
1 33 36 31 9 9 9 1
1 25 24 89 6 6 6 1
1 35 34 40 8 8 8 1
1 21 20 90 6 6 6 1
1 39 34 38 37 37 37 1
1 39 36 37 38 38 38 1
1 25 26 23 6 6 6 1
1 30 29 91 6 6 6 1
1 19 92 17 6 6 6 1
1 33 32 35 7 7 7 1
1 14 12 15 4 4 4 1
1 93 94 95 3 3 3 1
1 96 95 97 39 39 39 1
1 98 99 100 40 40 40 1
1 101 98 100 41 41 41 1
1 100 99 100 6 6 6 1
1 101 100 100 6 6 6 1
1 1 102 103 36 36 36 1
1 97 104 105 42 42 42 1
1 11 106 107 39 39 39 1
1 108 109 110 5 5 5 1
1 1 0 102 0 0 0 1
1 111 112 113 43 43 43 1
1 111 113 114 43 43 43 1
1 115 116 117 44 44 44 1
1 115 117 118 44 44 44 1
1 119 120 116 45 45 45 1
1 119 116 115 45 45 45 1
1 121 122 123 46 46 46 1
1 121 123 124 46 46 46 1
1 125 126 127 47 47 47 1
1 125 127 128 47 47 47 1
1 129 130 131 48 48 48 1
1 129 131 132 48 48 48 1
1 133 134 135 49 49 49 1
1 133 135 136 49 49 49 1
1 128 127 112 50 50 50 1
1 128 112 111 50 50 50 1
1 118 117 134 51 51 51 1
1 118 134 133 51 51 51 1
1 137 138 130 52 52 52 1
1 137 130 129 52 52 52 1
1 124 123 139 53 53 53 1
1 124 139 140 53 53 53 1
1 141 142 143 6 6 6 1
1 143 144 141 6 6 6 1
1 142 145 143 6 6 6 1
1 146 147 148 54 54 54 1
1 149 150 151 55 55 55 1
1 148 147 152 56 56 56 1
1 151 153 149 57 57 57 1
1 154 155 156 0 0 0 1
1 156 155 157 0 0 0 1
1 105 104 158 42 42 42 1

Materials: 3
"outline"
1.000000 1.000000 1.000000 1.000000
0.800000 0.800000 0.800000 1.000000
0.500000 0.500000 0.500000 1.000000
0.000000 0.000000 0.000000 1.000000
0.192000
1.000000
"border_of_life.png"
""
"Material01"
0.000000 0.000000 0.000000 1.000000
1.000000 1.000000 1.000000 1.000000
1.000000 1.000000 1.000000 1.000000
0.000000 0.000000 0.000000 1.000000
0.000000
1.000000
"texcher_4th.png"
""
"Material02"
0.000000 0.000000 0.000000 1.000000
1.000000 1.000000 1.000000 1.000000
1.000000 1.000000 1.000000 1.000000
0.000000 0.000000 0.000000 1.000000
0.000000
1.000000
"ornate_4th.png"
""

Bones: 0
GroupComments: 0
MaterialComments: 0
BoneComments: 0
ModelComment: 0
