// MilkShape 3D ASCII

Frames: 30
Frame: 1

Meshes: 5
"mine" 0 0
108
0 0.000000 -0.000000 -5.000000 0.518196 0.062644 -1
0 -16.000000 -0.000000 -5.000000 0.519262 0.100827 -1
0 -11.310000 -11.310000 -4.999999 0.626913 0.089446 -1
0 0.000000 -16.000000 -4.999999 0.670929 0.062377 -1
0 11.310000 -11.310000 -4.999999 0.625405 0.035465 -1
0 16.000000 -0.000000 -5.000000 0.517129 0.024461 -1
0 11.310000 11.310000 -5.000001 0.409479 0.035842 -1
0 0.000000 16.000000 -5.000001 0.365463 0.062911 -1
0 -11.310000 11.310000 -5.000001 0.410987 0.089823 -1
0 -5.137784 18.911581 3.021668 0.357479 0.321265 -1
0 0.000000 19.597393 3.021668 0.346140 0.311923 -1
0 -0.000000 24.263361 -0.961167 0.298251 0.312123 -1
0 16.893883 -9.904185 3.021671 0.567509 0.279430 -1
0 17.150059 -17.140535 -0.961164 0.626425 0.277680 -1
0 20.931627 -12.242663 -0.961164 0.590862 0.268913 -1
0 19.587875 0.009519 3.021670 0.492791 0.274382 -1
0 23.408424 -6.338281 -0.961165 0.541669 0.265699 -1
0 24.253843 0.009519 -0.961165 0.492477 0.262486 -1
0 -20.931627 12.261700 -0.961166 0.398787 0.354502 -1
0 -18.902065 5.147302 3.021669 0.459751 0.346385 -1
0 -16.893883 9.923224 3.021669 0.422159 0.343872 -1
0 -17.150059 17.159576 -0.961166 0.362651 0.345736 -1
0 13.850719 13.860240 3.021669 0.392296 0.286402 -1
0 16.893883 9.923227 3.021669 0.418644 0.279740 -1
0 20.931623 12.261700 -0.961166 0.393449 0.269197 -1
0 23.408424 6.357318 -0.961166 0.442963 0.265842 -1
0 -16.893881 -9.904190 3.021671 0.572083 0.343349 -1
0 -18.902063 -5.128266 3.021670 0.534713 0.346124 -1
0 -23.408424 -6.338284 -0.961165 0.547730 0.357370 -1
0 -20.931623 -12.242667 -0.961164 0.597470 0.353879 -1
0 -17.150053 -17.140545 -0.961164 0.632005 0.344788 -1
0 -13.850715 -13.841202 3.021671 0.598059 0.336694 -1
0 -12.252182 20.941143 -0.961167 0.326515 0.336970 -1
0 -13.850720 13.860238 3.021669 0.395489 0.337239 -1
0 0.000001 -19.578356 3.021671 0.642650 0.311289 -1
0 -6.347798 -23.398909 -0.961164 0.678343 0.323352 -1
0 0.000002 -24.244326 -0.961163 0.690146 0.311007 -1
0 12.252181 20.941145 -0.961167 0.323332 0.287261 -1
0 5.137783 18.911583 3.021668 0.356044 0.302493 -1
0 9.913705 16.903402 3.021668 0.365947 0.293064 -1
0 -25.411970 -6.870678 -4.943999 0.545716 0.490354 -1
0 -24.253843 0.009517 -0.961165 0.486371 0.484637 -1
0 -26.326895 0.009516 -4.944000 0.486684 0.494812 -1
0 -17.150053 -17.140545 -0.961164 0.623134 0.469036 -1
0 -18.650925 -18.561045 -4.943998 0.649298 0.476050 -1
0 -18.615925 -18.606411 -4.943998 0.649680 0.475965 -1
0 -25.411972 6.889711 -4.944001 0.427359 0.490528 -1
0 -25.414442 6.871132 -4.944001 0.427519 0.490539 -1
0 -23.408424 6.357317 -0.961166 0.436871 0.481326 -1
0 26.326895 0.009519 -4.944000 0.496455 0.376592 -1
0 24.253843 0.009519 -0.961165 0.496008 0.386792 -1
0 23.408424 -6.338281 -0.961165 0.545937 0.390082 -1
0 6.880198 -25.402452 -4.943998 0.714409 0.421426 -1
0 0.000002 -24.244326 -0.961163 0.690447 0.436139 -1
0 0.000004 -26.317377 -4.943998 0.728613 0.436367 -1
0 18.615929 -18.606407 -4.943998 0.657771 0.395801 -1
0 12.252187 -20.922106 -0.961164 0.664756 0.411430 -1
0 13.282471 -22.721109 -4.943998 0.700204 0.406485 -1
0 13.282465 22.740149 -4.944002 0.288823 0.405286 -1
0 12.252181 20.941145 -0.961167 0.323717 0.410565 -1
0 17.150057 17.159576 -0.961166 0.359306 0.401691 -1
0 25.411970 6.889712 -4.944001 0.436330 0.380499 -1
0 6.880193 25.421490 -4.944002 0.271739 0.420147 -1
0 -6.880195 25.421490 -4.944002 0.269131 0.450049 -1
0 -0.000000 24.263361 -0.961167 0.292990 0.435215 -1
0 -0.000001 26.336412 -4.944002 0.254655 0.435007 -1
0 -18.615925 18.625443 -4.944002 0.325821 0.475667 -1
0 -17.150059 17.159576 -0.961166 0.353236 0.469091 -1
0 -12.252182 20.941143 -0.961167 0.319100 0.460168 -1
0 -18.740252 18.464291 -4.944002 0.327096 0.475987 -1
0 -22.730631 13.291983 -4.944001 0.368034 0.486243 -1
0 -23.408424 6.357317 -0.961166 0.448389 0.357681 -1
0 -19.587875 0.009519 3.021670 0.497343 0.348899 -1
0 6.347799 23.417942 -0.961167 0.308354 0.422890 -1
0 -9.913708 16.903400 3.021668 0.368819 0.330607 -1
0 -6.347800 23.417942 -0.961167 0.312383 0.324547 -1
0 -6.347800 23.417942 -0.961167 0.306045 0.447692 -1
0 -13.282466 22.740147 -4.944002 0.283607 0.465091 -1
0 18.902063 5.147303 3.021669 0.455718 0.277061 -1
0 25.411972 -6.870676 -4.943999 0.555896 0.380855 -1
0 20.931627 -12.242663 -0.961164 0.595866 0.393372 -1
0 6.347799 23.417942 -0.961167 0.310791 0.299692 -1
0 18.615925 18.625446 -4.944002 0.332514 0.394846 -1
0 20.931623 12.261700 -0.961166 0.394895 0.392817 -1
0 22.730627 13.291983 -4.944001 0.376205 0.384405 -1
0 17.150057 17.159576 -0.961166 0.358390 0.278229 -1
0 23.408424 6.357318 -0.961166 0.445452 0.389804 -1
0 12.252187 -20.922106 -0.961164 0.661988 0.286448 -1
0 13.850721 -13.841199 3.021671 0.593737 0.286080 -1
0 18.902065 -5.128264 3.021670 0.530150 0.276906 -1
0 17.150059 -17.140535 -0.961164 0.630311 0.402401 -1
0 22.730631 -13.272946 -4.943999 0.615337 0.385118 -1
0 6.347804 -23.398907 -0.961164 0.676067 0.298727 -1
0 5.137786 -18.892548 3.021671 0.631307 0.302009 -1
0 -6.347798 -23.398909 -0.961164 0.675345 0.448372 -1
0 -6.880191 -25.402454 -4.943998 0.711613 0.451201 -1
0 -24.253843 0.009517 -0.961165 0.497990 0.360860 -1
0 6.347804 -23.398907 -0.961164 0.677601 0.423785 -1
0 -5.137782 -18.892548 3.021671 0.633343 0.320665 -1
0 -12.252179 -20.922110 -0.961164 0.666539 0.335697 -1
0 -9.913704 -16.884367 3.021671 0.624035 0.330040 -1
0 -20.931623 -12.242667 -0.961164 0.586026 0.477468 -1
0 -22.730627 -13.272951 -4.943999 0.604749 0.485896 -1
0 -23.408424 -6.338284 -0.961165 0.536198 0.481052 -1
0 -13.282461 -22.721113 -4.943998 0.694612 0.466034 -1
0 9.913711 -16.884365 3.021671 0.619965 0.292729 -1
0 -12.252179 -20.922110 -0.961164 0.660243 0.460604 -1
0 -20.931627 12.261700 -0.961166 0.387371 0.478015 -1
103
-0.000000 -0.000000 1.000000
-0.170400 0.626500 0.760600
-0.000100 0.649200 0.760600
-0.000000 0.649200 0.760600
0.516300 -0.398800 0.757900
0.459100 -0.459200 0.760500
0.516500 -0.398800 0.757800
0.646800 -0.086100 0.757800
-0.601300 0.252800 0.758000
-0.516300 0.398800 0.757900
-0.459100 0.459200 0.760500
-0.516500 0.398800 0.757800
0.516300 0.399100 0.757700
0.601500 0.252300 0.758000
-0.601700 -0.253000 0.757600
-0.516300 -0.398600 0.758000
-0.326700 0.561000 0.760600
0.000100 -0.649200 0.760600
-0.169900 -0.626700 0.760600
-0.000000 -0.649200 0.760600
0.252600 0.601600 0.757800
0.170200 0.626400 0.760700
0.252800 0.601300 0.758000
-0.880900 -0.117100 0.458500
-0.703500 -0.542800 0.458700
-0.880800 0.117200 0.458700
0.880900 -0.117200 0.458600
0.880900 -0.117300 0.458500
0.856100 -0.232300 0.461700
0.117100 -0.880900 0.458500
0.542900 -0.703700 0.458300
0.543200 0.703500 0.458300
0.880900 0.117100 0.458500
0.343200 0.819500 0.458900
-0.880800 0.117100 0.458700
-0.117100 0.880900 0.458500
-0.543000 0.703300 0.458700
-0.703500 0.542800 0.458700
-0.646700 0.086300 0.757900
0.117100 0.880800 0.458700
-0.327100 0.560900 0.760500
-0.169900 0.626500 0.760700
-0.343700 0.819300 0.459000
0.646700 0.086100 0.757900
0.856100 -0.231800 0.461800
0.819500 -0.343400 0.458700
0.169900 0.626700 0.760600
0.703700 0.542900 0.458300
0.398900 0.516100 0.758000
0.819300 0.343700 0.459000
0.326700 -0.561000 0.760600
0.601800 -0.252500 0.757700
0.703500 -0.542800 0.458700
0.169900 -0.626500 0.760700
0.170400 -0.626500 0.760600
-0.117100 -0.880800 0.458700
-0.646700 -0.086100 0.757900
0.343700 -0.819300 0.459000
-0.170200 -0.626400 0.760700
-0.252600 -0.601600 0.757800
-0.398900 -0.516100 0.758000
-0.703700 -0.542900 0.458300
-0.819300 -0.343700 0.459000
-0.542800 -0.703500 0.458700
0.327100 -0.560900 0.760500
0.646700 -0.086300 0.757900
-0.601800 0.252500 0.757700
0.516300 0.398600 0.758000
0.601700 0.253000 0.757600
-0.601500 -0.252300 0.758000
-0.516300 -0.399100 0.757700
-0.880800 -0.117300 0.458800
-0.543200 -0.703500 0.458300
-0.819600 0.343800 0.458300
-0.819500 0.343200 0.458900
-0.343200 -0.819500 0.458900
-0.343800 -0.819600 0.458300
0.117300 -0.880800 0.458800
0.543000 -0.703300 0.458700
0.880800 0.117300 0.458800
0.542800 0.703500 0.458700
0.343800 0.819600 0.458300
-0.117300 0.880800 0.458800
-0.542900 0.703700 0.458300
-0.880900 0.117300 0.458500
-0.646800 0.086100 0.757800
-0.703500 0.543200 0.458300
-0.343300 0.819800 0.458300
0.117300 0.880900 0.458500
0.703300 0.543000 0.458700
0.398800 0.516500 0.757800
0.819800 0.343300 0.458300
0.646800 0.086300 0.757700
0.601300 -0.252800 0.758000
0.819500 -0.343200 0.458900
0.703500 -0.543200 0.458300
0.343300 -0.819800 0.458300
-0.252800 -0.601300 0.758000
-0.117300 -0.880900 0.458500
-0.398800 -0.516500 0.757800
-0.703300 -0.543000 0.458700
-0.819800 -0.343300 0.458300
-0.646800 -0.086300 0.757700
107
0 0 1 2 0 0 0 1
0 0 2 3 0 0 0 1
0 0 3 4 0 0 0 1
0 0 4 5 0 0 0 1
0 0 5 6 0 0 0 1
0 0 6 7 0 0 0 1
0 0 7 8 0 0 0 1
0 0 8 1 0 0 0 1
0 9 10 11 1 2 3 1
0 12 13 14 4 5 6 1
0 15 16 17 7 7 7 1
0 18 19 20 8 8 8 1
0 20 21 18 9 10 11 1
0 22 23 24 12 12 12 1
0 25 24 23 13 13 13 1
0 26 27 28 14 14 14 1
0 29 30 31 15 15 15 1
0 32 21 33 16 10 10 1
0 34 35 36 17 18 19 1
0 37 38 39 20 21 22 1
0 40 41 42 23 23 23 1
0 43 44 45 24 24 24 1
0 46 47 48 25 25 25 1
0 49 50 51 26 27 28 1
0 52 53 54 29 29 29 1
0 55 56 57 30 30 30 1
0 58 59 60 31 31 31 1
0 61 50 49 32 32 32 1
0 59 58 62 33 33 33 1
0 48 47 42 34 34 34 1
0 63 64 65 35 35 35 1
0 66 67 68 36 36 36 1
0 67 69 70 37 37 37 1
0 71 72 19 38 38 38 1
0 73 62 65 39 39 39 1
0 74 9 75 40 1 41 1
0 76 77 68 42 42 42 1
0 17 25 78 43 43 43 1
0 79 51 80 44 28 45 1
0 81 10 38 46 2 21 1
0 82 83 84 47 47 47 1
0 85 39 22 48 48 48 1
0 86 84 83 49 49 49 1
0 87 13 88 50 5 5 1
0 89 14 16 51 51 51 1
0 90 55 91 52 52 52 1
0 36 92 93 19 53 54 1
0 94 95 54 55 55 55 1
0 96 28 27 56 56 56 1
0 97 57 56 57 57 57 1
0 98 99 35 58 59 18 1
0 30 100 31 60 60 60 1
0 44 101 102 61 61 61 1
0 103 102 101 62 62 62 1
0 43 45 104 63 63 63 1
0 93 92 105 54 53 64 1
0 12 88 13 4 5 5 1
0 15 89 16 65 65 65 1
0 18 71 19 66 66 66 1
0 20 33 21 9 10 10 1
0 75 9 11 41 1 3 1
0 85 22 24 67 67 67 1
0 78 25 23 68 68 68 1
0 29 26 28 69 69 69 1
0 26 29 31 70 70 70 1
0 34 98 35 17 58 18 1
0 37 81 38 20 46 21 1
0 40 103 41 71 71 71 1
0 106 43 104 72 72 72 1
0 46 48 107 73 73 73 1
0 70 46 107 74 74 74 1
0 106 104 95 75 75 75 1
0 94 106 95 76 76 76 1
0 52 97 53 77 77 77 1
0 55 90 56 78 78 78 1
0 79 49 51 44 26 28 1
0 61 86 50 79 79 79 1
0 82 58 60 80 80 80 1
0 73 59 62 81 81 81 1
0 63 76 64 82 82 82 1
0 68 77 66 83 83 83 1
0 66 69 67 37 37 37 1
0 41 48 42 84 84 84 1
0 71 96 72 85 85 85 1
0 107 67 70 86 86 86 1
0 74 32 33 40 16 10 1
0 76 63 77 87 87 87 1
0 32 74 75 16 40 41 1
0 64 73 65 88 88 88 1
0 81 11 10 46 3 2 1
0 82 60 83 89 89 89 1
0 85 37 39 90 90 90 1
0 86 61 84 91 91 91 1
0 15 17 78 92 92 92 1
0 89 12 14 93 93 93 1
0 91 79 80 94 44 45 1
0 105 87 88 64 50 5 1
0 80 90 91 95 95 95 1
0 34 36 93 17 19 54 1
0 97 52 57 96 96 96 1
0 98 100 99 58 97 59 1
0 53 94 54 98 98 98 1
0 30 99 100 99 99 99 1
0 44 43 101 100 100 100 1
0 103 40 102 101 101 101 1
0 72 96 27 102 102 102 1
0 92 87 105 53 50 64 1
"inner white" 0 0
48
3 13.850719 13.860240 3.021669 0.338578 0.149707 -1
3 6.327036 10.663964 -4.944001 0.394181 0.173552 -1
3 8.762093 8.771614 -4.944001 0.413373 0.168238 -1
3 3.283672 11.957995 -4.944001 0.387643 0.181012 -1
3 9.913705 16.903402 3.021668 0.299762 0.160000 -1
3 5.137783 18.911583 3.021668 0.286023 0.174280 -1
3 -9.913708 16.903400 3.021668 0.306398 0.216648 -1
3 -13.850720 13.860238 3.021669 0.347558 0.226287 -1
3 -8.762095 8.771611 -4.944001 0.421037 0.207674 -1
3 -10.654445 6.336555 -4.944000 0.442146 0.212406 -1
3 -11.948475 3.293191 -4.944000 0.471815 0.213925 -1
3 -16.893883 9.923224 3.021669 0.388719 0.235925 -1
3 -18.902065 5.147302 3.021669 0.445766 0.239238 -1
3 -16.893881 -9.904190 3.021671 0.614465 0.233815 -1
3 -13.850715 -13.841202 3.021671 0.652974 0.223684 -1
3 -8.762090 -8.752579 -4.943999 0.578573 0.205159 -1
3 -6.327034 -10.644927 -4.943999 0.598171 0.199947 -1
3 -3.283673 -11.938957 -4.943999 0.604840 0.192561 -1
3 -9.913704 -16.884367 3.021671 0.691483 0.213552 -1
3 -5.137782 -18.892548 3.021671 0.705625 0.199388 -1
3 9.913711 -16.884365 3.021671 0.686417 0.157131 -1
3 13.850721 -13.841199 3.021671 0.645398 0.147423 -1
3 8.762096 -8.752574 -4.943999 0.571582 0.166041 -1
3 10.654446 -6.317518 -4.944000 0.550416 0.161297 -1
3 11.948475 -3.274154 -4.944000 0.520557 0.159713 -1
3 16.893883 -9.904185 3.021671 0.604378 0.137714 -1
3 18.902065 -5.128264 3.021670 0.547205 0.134286 -1
3 -10.654442 -6.317523 -4.944000 0.558975 0.210371 -1
3 -11.948475 -3.274156 -4.944000 0.530229 0.212907 -1
3 -18.902063 -5.128266 3.021670 0.558639 0.238183 -1
3 10.654443 6.336557 -4.944000 0.432566 0.162924 -1
3 16.893883 9.923227 3.021669 0.377393 0.139415 -1
3 -6.327039 10.663961 -4.944001 0.399929 0.202941 -1
3 -3.283673 11.957995 -4.944001 0.390517 0.195707 -1
3 -5.137784 18.911581 3.021668 0.289341 0.202604 -1
3 0.000000 19.597393 3.021668 0.272284 0.188559 -1
3 0.000001 12.400990 -4.944001 0.381104 0.188473 -1
3 11.948477 3.293191 -4.944000 0.461632 0.160527 -1
3 18.902063 5.147303 3.021669 0.433713 0.135136 -1
3 -19.587875 0.009519 3.021670 0.502813 0.242550 -1
3 -12.391472 0.009520 -4.944000 0.501483 0.215443 -1
3 6.327041 -10.644923 -4.943999 0.592748 0.170785 -1
3 3.283673 -11.938958 -4.943999 0.602128 0.177980 -1
3 5.137786 -18.892548 3.021671 0.703092 0.171177 -1
3 0.000001 -19.578356 3.021671 0.719768 0.185223 -1
3 -0.000004 -12.381953 -4.943999 0.611508 0.185174 -1
3 19.587875 0.009519 3.021670 0.490032 0.130857 -1
3 12.391472 0.009515 -4.944000 0.490699 0.158129 -1
48
-0.524900 -0.524700 0.670200
-0.376000 -0.639500 0.670600
-0.525100 -0.524600 0.670100
-0.196300 -0.715200 0.670800
-0.374000 -0.641200 0.670100
-0.194500 -0.716200 0.670300
0.373700 -0.640900 0.670600
0.524700 -0.524900 0.670200
0.524600 -0.525100 0.670100
0.639500 -0.376000 0.670600
0.715200 -0.196300 0.670800
0.641200 -0.374000 0.670100
0.716200 -0.194500 0.670300
0.640900 0.373700 0.670600
0.524900 0.524700 0.670200
0.525100 0.524600 0.670100
0.376000 0.639500 0.670600
0.196300 0.715200 0.670800
0.374000 0.641200 0.670100
0.194500 0.716200 0.670300
-0.373700 0.640900 0.670600
-0.524700 0.524900 0.670200
-0.524600 0.525100 0.670100
-0.639500 0.376000 0.670600
-0.715200 0.196300 0.670800
-0.641200 0.374000 0.670100
-0.716200 0.194500 0.670300
0.640000 0.376100 0.670000
0.715600 0.196800 0.670200
0.715800 0.194600 0.670600
-0.640000 -0.376100 0.670000
-0.640900 -0.373700 0.670600
0.376100 -0.640000 0.670000
0.196800 -0.715600 0.670200
0.194600 -0.715800 0.670600
0.000100 -0.741900 0.670500
0.000200 -0.741900 0.670500
-0.715600 -0.196800 0.670200
-0.715800 -0.194600 0.670600
0.741900 0.000100 0.670500
0.741900 0.000200 0.670500
-0.376100 0.640000 0.670000
-0.196800 0.715600 0.670200
-0.194600 0.715800 0.670600
-0.000100 0.741900 0.670500
-0.000200 0.741900 0.670500
-0.741900 -0.000100 0.670500
-0.741900 -0.000200 0.670500
48
3 0 1 2 0 1 2 1
3 3 4 5 3 4 5 1
3 6 7 8 6 7 8 1
3 7 9 8 7 9 8 1
3 10 11 12 10 11 12 1
3 13 14 15 13 14 15 1
3 14 16 15 14 16 15 1
3 17 18 19 17 18 19 1
3 20 21 22 20 21 22 1
3 21 23 22 21 23 22 1
3 24 25 26 24 25 26 1
3 27 28 29 27 28 29 1
3 0 4 1 0 4 1 1
3 30 31 2 30 31 2 1
3 32 33 34 32 33 34 1
3 5 35 36 5 35 36 1
3 3 1 4 3 1 4 1
3 5 36 3 5 36 3 1
3 6 32 34 6 32 34 1
3 35 34 33 35 34 33 1
3 36 35 33 36 35 33 1
3 7 11 9 7 11 9 1
3 32 6 8 32 6 8 1
3 30 37 38 30 37 38 1
3 12 39 40 12 39 40 1
3 10 9 11 10 9 11 1
3 12 40 10 12 40 10 1
3 13 27 29 13 27 29 1
3 39 29 28 39 29 28 1
3 40 39 28 40 39 28 1
3 14 18 16 14 18 16 1
3 27 13 15 27 13 15 1
3 41 42 43 41 42 43 1
3 19 44 45 19 44 45 1
3 17 16 18 17 16 18 1
3 19 45 17 19 45 17 1
3 20 41 43 20 41 43 1
3 44 43 42 44 43 42 1
3 45 44 42 45 44 42 1
3 21 25 23 21 25 23 1
3 41 20 22 41 20 22 1
3 26 46 47 26 46 47 1
3 24 23 25 24 23 25 1
3 26 47 24 26 47 24 1
3 31 30 38 31 30 38 1
3 46 38 37 46 38 37 1
3 47 46 37 47 46 37 1
3 31 0 2 31 0 2 1
"spikes" 0 0
156
0 -25.153769 -11.351094 4.241993 0.463107 0.385587 0
0 -26.066732 -10.101404 3.353383 0.457652 0.383989 0
0 -26.279799 -12.010103 3.131990 0.469583 0.384782 0
0 -23.209314 -10.195132 4.224511 0.416157 0.385126 0
0 -26.066732 -10.101404 3.353383 0.452456 0.384340 0
0 -26.261555 -10.146370 -4.740959 0.478947 0.486726 0
0 -26.474058 -12.054938 -4.942560 0.493199 0.488060 0
0 -24.016487 -8.932234 3.329809 0.424151 0.384169 0
0 -24.016336 -8.932199 -4.764528 0.428764 0.487895 0
0 -26.261555 -10.146370 -4.740959 0.464243 0.486579 0
0 -22.555494 -16.094368 3.536576 0.544127 0.386211 0
0 -23.450863 -16.651005 2.340573 0.538120 0.385353 0
0 -21.842405 -17.455547 2.122158 0.553692 0.385289 0
0 -20.411221 -14.911744 3.513871 0.585373 0.385410 0
0 -21.842405 -17.455547 2.122158 0.548572 0.384424 0
0 -21.801661 -17.546013 -5.798686 0.527559 0.487481 0
0 -21.842405 -17.455547 2.122158 0.448279 0.490009 0
0 -19.682526 -16.229696 -5.815288 0.432305 0.383800 0
0 -19.683355 -16.230524 2.105653 0.420613 0.488594 0
0 -26.474058 -12.054938 -4.942560 0.478176 0.488078 0
0 -23.596813 -16.766666 -5.554073 0.539297 0.490568 0
0 -26.279799 -12.010103 3.131990 0.473339 0.383673 0
0 -25.153769 -11.351094 4.241993 0.469499 0.382996 0
0 -22.555494 -16.094368 3.536576 0.539952 0.384633 0
0 -19.683355 -16.230524 2.105653 0.581438 0.384509 0
0 -19.682526 -16.229696 -5.815288 0.570907 0.488488 0
0 -23.209314 -10.195132 4.224511 0.412587 0.384146 0
0 -23.211142 -10.191822 -4.764528 0.406041 0.488481 0
0 -20.412569 -14.910036 -5.635824 0.596421 0.488354 0
0 -20.411221 -14.911744 3.513871 0.587258 0.381909 0
0 -23.450863 -16.651005 2.340573 0.533934 0.385456 0
0 -23.596813 -16.766666 -5.554073 0.512256 0.488084 0
0 -21.842405 -17.455547 2.122158 0.556454 0.382224 0
0 -21.801661 -17.546013 -5.798686 0.543266 0.488061 0
0 -26.066732 -10.101404 3.353383 0.449751 0.385313 0
0 2.687729 25.110409 4.213631 0.421466 0.383390 0
0 4.076895 27.594521 3.279191 0.457782 0.382828 0
0 2.670296 27.372490 4.202945 0.468401 0.384141 0
0 4.077005 27.594429 -4.816296 0.467055 0.485132 0
0 2.644865 28.663078 3.076855 0.462986 0.382509 0
0 4.076895 27.594521 3.279191 0.455053 0.383785 0
0 4.077005 27.594429 -4.816296 0.481754 0.485369 0
0 2.528769 28.751530 -4.998839 0.495972 0.486790 0
0 4.168089 25.167847 3.285936 0.429483 0.382483 0
0 4.169172 25.165913 -4.809548 0.431547 0.486230 0
0 -2.750021 27.512947 3.613259 0.548572 0.384424 0
0 -2.805204 28.551666 2.404964 0.543414 0.384367 0
0 -4.300787 27.558746 2.231721 0.558987 0.384399 0
0 -2.818338 25.071873 3.622758 0.590663 0.384715 0
0 -4.300787 27.558746 2.231721 0.561824 0.381351 0
0 -3.002905 28.636398 -5.488945 0.530344 0.486423 0
0 -4.301058 27.557983 -5.684611 0.546036 0.487099 0
0 -4.334938 25.096909 -5.673706 0.573665 0.487696 0
0 -4.335365 25.096649 2.247218 0.589429 0.383035 0
0 2.528769 28.751530 -4.998839 0.480950 0.486716 0
0 -3.002905 28.636398 -5.488945 0.542006 0.489582 0
0 2.644865 28.663078 3.076855 0.478680 0.382289 0
0 2.670296 27.372490 4.202945 0.474857 0.381589 0
0 -2.750021 27.512947 3.613259 0.545264 0.383658 0
0 -4.335365 25.096649 2.247218 0.586750 0.383789 0
0 2.687729 25.110409 4.213631 0.417921 0.382389 0
0 2.688688 25.110680 -4.780354 0.408810 0.486676 0
0 -2.819300 25.070293 -5.540892 0.599180 0.487719 0
0 -2.818338 25.071873 3.622758 0.592634 0.381226 0
0 -2.805204 28.551666 2.404964 0.539952 0.384633 0
0 22.931646 -15.852400 4.212069 0.468401 0.384141 0
0 22.350660 -17.283886 3.318666 0.462986 0.382509 0
0 23.857027 -16.824783 3.133214 0.474897 0.383375 0
0 20.910635 -14.836842 4.251831 0.421466 0.383390 0
0 22.350660 -17.283886 3.318666 0.457782 0.382828 0
0 22.313665 -17.325344 -4.777954 0.481754 0.485369 0
0 23.857931 -16.824425 -4.943607 0.495972 0.486790 0
0 20.261419 -16.186245 3.354849 0.429483 0.382483 0
0 20.224428 -16.227711 -4.741765 0.431547 0.486230 0
0 22.313665 -17.325344 -4.777954 0.467055 0.485132 0
0 25.512991 -11.099857 3.506895 0.548572 0.384424 0
0 26.606497 -11.225839 2.233561 0.543414 0.384367 0
0 26.123175 -9.570697 2.092213 0.558987 0.384399 0
0 23.348673 -9.903967 3.546200 0.590663 0.384715 0
0 26.123175 -9.570697 2.092213 0.561824 0.381351 0
0 26.613409 -11.224895 -5.612140 0.530344 0.486423 0
0 26.122732 -9.569308 -5.826286 0.546036 0.487099 0
0 24.058905 -8.572316 -5.789104 0.573665 0.487696 0
0 24.057547 -8.573785 2.138559 0.589429 0.383035 0
0 23.857931 -16.824425 -4.943607 0.480950 0.486716 0
0 26.613409 -11.224895 -5.612140 0.542006 0.489582 0
0 23.857027 -16.824783 3.133214 0.478680 0.382289 0
0 22.931646 -15.852400 4.212069 0.474857 0.381589 0
0 25.512991 -11.099857 3.506895 0.545264 0.383658 0
0 24.057547 -8.573785 2.138559 0.586750 0.383789 0
0 20.910635 -14.836842 4.251831 0.417921 0.382389 0
0 20.909685 -14.838391 -4.752194 0.408810 0.486676 0
0 23.346823 -9.908086 -5.630910 0.599180 0.487719 0
0 23.348673 -9.903967 3.546200 0.592634 0.381226 0
0 26.606497 -11.225839 2.233561 0.539952 0.384633 0
0 26.606497 -11.225839 2.233561 0.553888 0.383502 0
0 22.350660 -17.283886 3.318666 0.455053 0.383785 0
0 -25.154984 -11.340941 4.248729 0.709194 0.340245 0
0 -22.558033 -16.144070 3.514966 0.708565 0.287984 0
0 -9.158524 -2.041757 4.090359 0.297322 0.340565 0
0 -22.556660 -16.146816 -5.576132 0.297393 0.287949 0
0 -6.230021 -6.592632 -5.723633 0.297322 0.340565 0
0 -25.158155 -11.334598 -4.842386 0.296232 0.287897 0
0 -22.556660 -16.146816 -5.576132 0.295465 0.340147 0
0 -22.558033 -16.144070 3.514966 0.705529 0.340538 0
0 -6.230021 -6.592632 -5.723633 0.297393 0.287949 0
0 -9.158792 -2.039327 -5.000756 0.297322 0.340565 0
0 -9.158524 -2.041757 4.090359 0.709194 0.340245 0
0 -6.535883 -6.730768 3.367466 0.708565 0.287984 0
0 -6.535883 -6.730768 3.367466 0.709194 0.340245 0
0 -22.558033 -16.144070 3.514966 0.296232 0.287897 0
0 -25.154984 -11.340941 4.248729 0.295465 0.340147 0
0 -25.158155 -11.334598 -4.842386 0.705529 0.340538 0
0 -9.158524 -2.041757 4.090359 0.295465 0.340147 0
0 -25.158155 -11.334598 -4.842386 0.705599 0.287933 0
0 -25.154984 -11.340941 4.248729 0.296232 0.287897 0
0 -6.535883 -6.730768 3.367466 0.297393 0.287949 0
0 -2.580610 8.743746 4.242435 0.296232 0.287897 0
0 2.857342 8.645166 3.467443 0.295465 0.340147 0
0 -2.697031 27.246922 4.316672 0.705599 0.287933 0
0 2.857563 8.642495 -5.618752 0.705529 0.340538 0
0 2.665062 27.648609 -5.532031 0.705599 0.287933 0
0 -2.582973 8.743293 -4.843774 0.299036 0.288128 0
0 2.857563 8.642495 -5.618752 0.298469 0.340101 0
0 2.857342 8.645166 3.467443 0.706866 0.340389 0
0 -2.730814 27.694824 -4.769538 0.296232 0.287897 0
0 -2.582973 8.743293 -4.843774 0.295465 0.340147 0
0 2.665062 27.648609 -5.532031 0.296232 0.287897 0
0 -2.730814 27.694824 -4.769538 0.295465 0.340147 0
0 -2.697031 27.246922 4.316672 0.705529 0.340538 0
0 -2.697031 27.246922 4.316672 0.296232 0.287897 0
0 2.669910 27.200714 3.554164 0.295465 0.340147 0
0 2.665062 27.648609 -5.532031 0.705529 0.340538 0
0 2.669910 27.200714 3.554164 0.296232 0.287897 0
0 -2.580610 8.743746 4.242435 0.707432 0.288416 0
0 -2.580610 8.743746 4.242435 0.705529 0.340538 0
0 2.669910 27.200714 3.554164 0.705529 0.340538 0
0 8.898283 -2.541473 4.233384 0.297393 0.287949 0
0 6.246336 -7.325491 3.575396 0.295465 0.340147 0
0 25.466879 -11.048887 4.068451 0.704532 0.289317 0
0 6.239740 -7.319359 -5.514471 0.297393 0.287949 0
0 23.028360 -16.047672 -5.669754 0.295465 0.340147 0
0 6.246336 -7.325491 3.575396 0.704532 0.289317 0
0 8.898516 -2.541528 -4.856498 0.297393 0.287949 0
0 6.239740 -7.319359 -5.514471 0.295465 0.340147 0
0 6.246336 -7.325491 3.575396 0.705529 0.340538 0
0 25.483915 -11.058204 -5.021432 0.297393 0.287949 0
0 8.898516 -2.541528 -4.856498 0.295465 0.340147 0
0 25.466879 -11.048887 4.068451 0.705599 0.287933 0
0 23.028360 -16.047672 -5.669754 0.297393 0.287949 0
0 25.483915 -11.058204 -5.021432 0.295465 0.340147 0
0 25.466879 -11.048887 4.068451 0.703330 0.340034 0
0 22.885893 -15.812483 3.420115 0.704532 0.289317 0
0 22.885893 -15.812483 3.420115 0.703330 0.340034 0
0 8.898283 -2.541473 4.233384 0.705599 0.287933 0
0 8.898283 -2.541473 4.233384 0.705529 0.340538 0
78
-0.717500 -0.096500 0.689800
-0.772800 -0.052400 0.632500
-0.745300 -0.510000 0.429400
0.621000 0.672900 0.401900
-0.495100 0.868800 0.005600
-0.995400 0.093200 0.023400
-0.419900 0.869500 0.260200
0.525700 0.850700 -0.000000
-0.499700 -0.505500 0.703400
-0.440300 -0.879500 0.180400
0.474800 -0.686500 0.550600
0.915800 0.092300 0.390900
-0.401400 -0.915800 0.011200
0.982700 0.185200 -0.006400
0.566800 -0.566400 0.598300
-0.844200 -0.535600 0.023500
0.842600 0.538600 -0.000000
0.875000 0.484100 -0.000000
0.141100 -0.978300 0.151500
0.545100 0.213000 0.810900
0.272500 0.679600 0.681100
0.972200 0.234300 -0.000600
0.067900 0.989600 0.126500
0.580100 0.814500 0.000600
0.959700 -0.024100 0.279800
0.481000 -0.876700 0.000200
-0.168800 0.695700 0.698300
-0.427600 0.752600 0.500800
-0.981400 0.088800 0.170100
-0.371800 -0.838400 0.398500
-0.065300 0.997100 0.038600
-0.902300 0.431100 -0.000000
-0.717900 -0.696100 -0.000000
-0.764400 -0.199800 0.613000
0.038100 -0.999300 0.000100
-0.018100 -0.999800 0.000200
0.165000 -0.694500 0.700300
0.384700 -0.688800 0.614400
0.824200 -0.362800 0.434800
-0.894600 0.173500 0.411800
-0.456600 -0.889600 0.006700
0.319300 -0.947600 0.000800
-0.496900 -0.824100 0.272000
-1.000000 -0.004800 0.003800
0.694000 -0.188100 0.695000
0.743600 -0.021500 0.668200
0.595800 0.803100 0.008100
-0.575600 0.713400 0.399700
0.909500 -0.415700 0.002500
0.762600 0.646900 0.000300
-0.310400 0.950600 0.000100
0.162800 0.795800 0.583300
-0.896800 0.442400 -0.000000
-0.882400 0.470400 -0.000000
-0.758200 0.191900 0.623200
-0.209000 -0.818300 0.535500
0.221300 0.753200 0.619400
-0.222500 -0.974900 0.000300
0.961600 -0.274400 0.011000
-0.971900 0.235500 0.000400
0.274200 0.961700 0.000200
0.802600 -0.245700 0.543500
-0.540600 -0.567500 0.621000
0.610500 -0.589400 0.529100
-0.539300 0.555100 0.633300
0.736700 -0.676300 0.000200
0.730600 0.682000 0.033200
-0.680200 -0.733000 0.000900
-0.662500 0.748100 0.039300
0.615500 0.567400 0.547100
-0.245600 0.746000 0.619000
-0.799800 -0.260300 0.540900
0.758600 0.219800 0.613400
-0.944500 -0.328600 0.000500
0.275700 -0.961100 0.015400
-0.321600 0.946900 0.000400
0.960800 0.277300 0.001500
0.229900 -0.803700 0.548800
96
0 0 1 2 0 1 2 1
0 3 4 0 3 1 0 1
0 5 6 1 4 5 1 1
0 7 8 9 6 7 4 1
0 10 11 12 8 9 10 1
0 10 12 13 8 10 11 1
0 14 11 15 10 9 12 1
0 16 17 18 10 13 14 1
0 19 20 21 5 15 2 1
0 22 21 23 0 2 8 1
0 3 8 7 3 7 6 1
0 24 25 13 14 13 11 1
0 26 27 8 3 16 7 1
0 25 28 29 13 17 11 1
0 1 6 2 1 5 2 1
0 21 20 30 2 15 9 1
0 15 11 31 12 9 15 1
0 23 21 30 8 2 9 1
0 25 32 33 13 10 12 1
0 13 12 24 11 10 14 1
0 9 34 7 4 1 6 1
0 4 3 7 1 3 6 1
0 35 36 37 18 19 20 1
0 38 39 40 21 22 19 1
0 41 42 39 21 23 22 1
0 43 44 38 24 25 21 1
0 45 46 47 26 27 28 1
0 45 47 48 26 28 29 1
0 49 50 51 28 30 31 1
0 49 52 53 28 32 33 1
0 54 55 56 23 30 22 1
0 57 56 58 20 22 26 1
0 59 52 48 33 32 29 1
0 44 60 61 25 18 34 1
0 52 62 63 32 35 29 1
0 56 55 64 22 30 27 1
0 58 56 64 26 22 27 1
0 50 49 46 30 28 27 1
0 52 49 51 32 28 31 1
0 48 47 59 29 28 33 1
0 39 37 36 22 20 19 1
0 38 40 43 21 19 24 1
0 36 35 43 19 18 24 1
0 65 66 67 36 37 38 1
0 68 69 65 39 37 36 1
0 70 71 66 40 41 37 1
0 72 73 74 42 43 40 1
0 75 76 77 44 45 46 1
0 75 77 78 44 46 47 1
0 79 80 81 46 48 49 1
0 79 82 83 46 50 51 1
0 84 85 86 41 48 38 1
0 87 86 88 36 38 44 1
0 68 73 72 39 43 42 1
0 89 82 78 51 50 47 1
0 90 91 73 39 52 43 1
0 82 92 93 50 53 47 1
0 66 71 67 37 41 38 1
0 86 85 94 38 48 45 1
0 88 86 94 44 38 45 1
0 80 79 95 48 46 45 1
0 82 79 81 50 46 49 1
0 78 77 89 47 46 51 1
0 74 96 72 40 37 42 1
0 69 68 72 37 39 42 1
0 43 60 44 24 18 25 1
0 97 98 99 54 55 56 1
0 100 101 98 57 58 55 1
0 102 103 104 59 57 55 1
0 105 106 107 58 60 56 1
0 107 108 105 56 61 58 1
0 98 101 109 55 58 61 1
0 110 111 112 55 54 59 1
0 113 114 115 56 59 54 1
0 99 98 116 56 55 61 1
0 117 118 119 62 63 64 1
0 120 121 118 65 66 63 1
0 122 123 124 67 65 63 1
0 125 126 119 68 67 64 1
0 127 128 129 66 68 64 1
0 130 131 132 64 69 66 1
0 118 121 133 63 66 69 1
0 124 134 122 63 62 67 1
0 119 126 135 64 67 62 1
0 119 118 136 64 63 69 1
0 137 138 139 70 71 72 1
0 140 141 142 73 74 71 1
0 143 144 145 75 73 71 1
0 146 147 148 76 75 72 1
0 149 150 151 74 76 72 1
0 151 152 149 72 77 74 1
0 142 141 153 71 74 77 1
0 145 154 143 71 70 75 1
0 148 147 155 72 75 70 1
0 139 138 153 72 71 77 1
0 107 106 114 56 60 59 1
"deco" 0 0
96
3 12.252187 -20.922106 -0.761163 0.663082 0.730651 -1
3 17.150059 -17.140535 -0.761164 0.766015 0.715462 -1
3 13.850721 -13.841199 3.221671 0.668206 0.684344 -1
3 16.893883 -9.904185 3.221671 0.723793 0.670425 -1
3 18.902065 -5.128264 3.221670 0.764706 0.652711 -1
3 20.931627 -12.242663 -0.761164 0.850135 0.694248 -1
3 23.408424 -6.338281 -0.761165 0.911485 0.667441 -1
3 -18.902065 5.147302 3.221669 0.191395 0.593218 -1
3 -23.408424 6.357317 -0.761166 0.044682 0.578348 -1
3 -19.587875 0.009519 3.221670 0.170330 0.613031 -1
3 -17.150059 17.159576 -0.761166 0.190865 0.530474 -1
3 -16.893883 9.923224 3.221669 0.232497 0.575513 -1
3 -13.850720 13.860238 3.221669 0.288157 0.561640 -1
3 20.931623 12.261700 -0.761166 0.906843 0.577127 -1
3 17.150057 17.159576 -0.761166 0.845705 0.551639 -1
3 13.850719 13.860240 3.221669 0.722099 0.576047 -1
3 9.913705 16.903402 3.221668 0.665805 0.562267 -1
3 -23.408424 -6.338284 -0.761165 0.014046 0.639181 -1
3 -20.931623 -12.242667 -0.761164 0.047325 0.668980 -1
3 -16.893881 -9.904190 3.221671 0.192816 0.653324 -1
3 -24.253843 0.009517 -0.761165 0.013133 0.608247 -1
3 -18.902063 -5.128266 3.221670 0.170818 0.633549 -1
3 -17.150053 -17.140545 -0.761164 0.108074 0.694756 -1
3 -9.913704 -16.884367 3.221671 0.288605 0.684285 -1
3 -13.850715 -13.841202 3.221671 0.232782 0.670335 -1
3 -12.252179 -20.922110 -0.761163 0.192959 0.715863 -1
3 -6.347798 -23.398909 -0.761163 0.300310 0.731318 -1
3 -5.137782 -18.892548 3.221671 0.359680 0.694590 -1
3 5.137783 18.911583 3.221668 0.595278 0.551806 -1
3 6.347799 23.417942 -0.761167 0.655006 0.515308 -1
3 0.000000 19.597393 3.221668 0.516490 0.546387 -1
3 9.913711 -16.884365 3.221671 0.600290 0.694309 -1
3 6.347804 -23.398907 -0.761163 0.543924 0.738976 -1
3 0.000002 -24.244326 -0.761163 0.420103 0.739206 -1
3 5.137786 -18.892548 3.221671 0.521228 0.699784 -1
3 0.000001 -19.578356 3.221671 0.439091 0.699881 -1
3 -12.252182 20.941143 -0.761167 0.293858 0.515427 -1
3 24.253843 0.009519 -0.761165 0.942436 0.637560 -1
3 19.587875 0.009519 3.221670 0.785497 0.632938 -1
3 -20.931627 12.261700 -0.761166 0.106480 0.551589 -1
3 -9.913708 16.903400 3.221668 0.356009 0.551751 -1
3 -0.000000 24.263361 -0.761167 0.536088 0.507247 -1
3 -6.347800 23.417942 -0.761167 0.412804 0.507283 -1
3 -5.137784 18.911581 3.221668 0.434820 0.546375 -1
3 16.893883 9.923227 3.221669 0.762376 0.592885 -1
3 18.902063 5.147303 3.221669 0.784692 0.612513 -1
3 23.408424 6.357318 -0.761166 0.940820 0.606725 -1
3 12.252181 20.941145 -0.761167 0.761283 0.530812 -1
3 13.850719 13.860239 3.121674 0.234808 0.824272 -1
3 7.702217 12.979711 2.783190 0.263714 0.849760 -1
3 10.666534 10.676059 2.783190 0.295929 0.835953 -1
3 -18.902065 5.147303 3.121674 0.455833 0.957681 -1
3 -19.587875 0.009519 3.121675 0.544167 0.957680 -1
3 -15.084763 0.009521 2.783190 0.533986 0.938618 -1
3 5.137783 18.911583 3.121673 0.169120 0.863915 -1
3 0.000001 15.094280 2.783190 0.245370 0.883456 -1
3 3.997379 14.554998 2.783190 0.245477 0.866283 -1
3 -7.702224 12.979709 2.783190 0.298417 0.914769 -1
3 -9.913708 16.903400 3.121673 0.236979 0.926349 -1
3 -13.850720 13.860238 3.121674 0.297261 0.941260 -1
3 -5.137784 18.911581 3.121673 0.192286 0.907311 -1
3 -3.997380 14.554998 2.783190 0.263486 0.900021 -1
3 -10.666539 10.676054 2.783190 0.343986 0.925981 -1
3 -12.970192 7.711736 2.783190 0.399210 0.934033 -1
3 -16.893883 9.923223 3.121674 0.370628 0.951892 -1
3 -14.545480 4.006898 2.783190 0.465299 0.938593 -1
3 0.000000 19.597393 3.121673 0.169119 0.886000 -1
3 -18.902063 -5.128266 3.121675 0.629409 0.951888 -1
3 -12.970189 -7.692708 2.783191 0.659230 0.925355 -1
3 -14.545481 -3.987864 2.783191 0.600246 0.934090 -1
3 -16.893883 -9.904191 3.121675 0.705551 0.940714 -1
3 -13.850718 -13.841204 3.121675 0.765192 0.925643 -1
3 -5.137782 -18.892548 3.121676 0.830876 0.886001 -1
3 -0.000004 -15.075243 2.783191 0.754631 0.866461 -1
3 -3.997380 -14.535961 2.783191 0.754527 0.883633 -1
3 9.913705 16.903402 3.121673 0.192278 0.842614 -1
3 5.137786 -18.892548 3.121676 0.807723 0.842607 -1
3 7.702224 -12.960669 2.783191 0.701594 0.835148 -1
3 3.997379 -14.535960 2.783191 0.736527 0.849896 -1
3 13.850721 -13.841198 3.121675 0.702757 0.808658 -1
3 12.970191 -7.692700 2.783191 0.600805 0.815884 -1
3 10.666540 -10.657015 2.783191 0.656031 0.823937 -1
3 16.893885 -9.904186 3.121675 0.629390 0.798026 -1
3 18.902065 -5.128264 3.121675 0.544188 0.792236 -1
3 12.970189 7.711741 2.783190 0.340773 0.824561 -1
3 16.893883 9.923226 3.121674 0.294455 0.809201 -1
3 18.902063 5.147302 3.121674 0.370605 0.798028 -1
3 14.545480 4.006897 2.783190 0.399768 0.815828 -1
3 -9.913704 -16.884367 3.121676 0.807714 0.907301 -1
3 -7.702216 -12.960674 2.783191 0.736276 0.900155 -1
3 -10.666533 -10.657024 2.783191 0.704074 0.913963 -1
3 0.000001 -19.578356 3.121676 0.830881 0.863918 -1
3 9.913711 -16.884365 3.121676 0.763034 0.823570 -1
3 19.587875 0.009519 3.121675 0.455850 0.792236 -1
3 15.084761 0.009515 2.783190 0.466026 0.811299 -1
3 14.545478 -3.987862 2.783191 0.534719 0.811324 -1
98
0.326700 -0.561000 0.760600
0.459100 -0.459200 0.760500
0.516300 -0.398800 0.757900
0.601800 -0.252500 0.757700
-0.646700 0.086300 0.757900
-0.459100 0.459200 0.760500
-0.516300 0.398800 0.757900
0.516300 0.398600 0.758000
0.398900 0.516100 0.758000
-0.601500 -0.252300 0.758000
-0.646700 -0.086100 0.757900
-0.398900 -0.516100 0.758000
-0.252600 -0.601600 0.757800
-0.169900 -0.626700 0.760600
-0.170200 -0.626400 0.760700
0.170200 0.626400 0.760700
0.169900 0.626700 0.760600
-0.000100 0.649200 0.760600
0.327100 -0.560900 0.760500
0.169900 -0.626500 0.760700
-0.000000 -0.649200 0.760600
0.170400 -0.626500 0.760600
0.000100 -0.649200 0.760600
0.516500 -0.398800 0.757800
-0.326700 0.561000 0.760600
0.646800 -0.086100 0.757800
0.601300 -0.252800 0.758000
0.646700 -0.086300 0.757900
-0.601300 0.252800 0.758000
-0.601800 0.252500 0.757700
-0.646800 0.086100 0.757800
-0.516500 0.398800 0.757800
-0.327100 0.560900 0.760500
-0.000000 0.649200 0.760600
-0.169900 0.626500 0.760700
-0.170400 0.626500 0.760600
0.516300 0.399100 0.757700
0.601700 0.253000 0.757600
0.398800 0.516500 0.757800
0.601500 0.252300 0.758000
0.646700 0.086100 0.757900
0.646800 0.086300 0.757700
-0.601700 -0.253000 0.757600
-0.646800 -0.086300 0.757700
-0.516300 -0.399100 0.757700
-0.516300 -0.398600 0.758000
-0.398800 -0.516500 0.757800
-0.252800 -0.601300 0.758000
0.252800 0.601300 0.758000
0.252600 0.601600 0.757800
-0.053100 -0.053100 0.997200
-0.038000 -0.064700 0.997200
-0.053000 -0.053000 0.997200
0.072300 -0.019700 0.997200
0.075000 -0.000000 0.997200
0.074900 -0.000000 0.997200
-0.019700 -0.072300 0.997200
-0.000000 -0.074900 0.997200
-0.019900 -0.072300 0.997200
0.038000 -0.064700 0.997200
0.037700 -0.064800 0.997200
0.053100 -0.053100 0.997200
0.019700 -0.072300 0.997200
0.019900 -0.072300 0.997200
0.053000 -0.053000 0.997200
0.064700 -0.038000 0.997200
0.064800 -0.037700 0.997200
0.072300 -0.019900 0.997200
-0.000000 -0.075000 0.997200
0.072300 0.019700 0.997200
0.064700 0.038000 0.997200
0.072300 0.019900 0.997200
0.064800 0.037700 0.997200
0.053100 0.053100 0.997200
0.019700 0.072300 0.997200
-0.000000 0.074900 0.997200
0.019900 0.072300 0.997200
-0.037700 -0.064800 0.997200
-0.019700 0.072300 0.997200
-0.038000 0.064700 0.997200
-0.019900 0.072300 0.997200
-0.053100 0.053100 0.997200
-0.064700 0.038000 0.997200
-0.053000 0.053000 0.997200
-0.064800 0.037700 0.997200
-0.072300 0.019700 0.997200
-0.064700 -0.038000 0.997200
-0.064800 -0.037700 0.997200
-0.072300 -0.019700 0.997200
-0.072300 -0.019900 0.997200
0.037700 0.064800 0.997200
0.038000 0.064700 0.997200
0.053000 0.053000 0.997200
-0.000000 0.075000 0.997200
-0.037700 0.064800 0.997200
-0.075000 -0.000000 0.997200
-0.074900 -0.000000 0.997200
-0.072300 0.019900 0.997200
96
3 0 1 2 0 1 1 1
3 1 3 2 1 2 1 1
3 4 5 6 3 3 3 1
3 7 8 9 4 4 4 1
3 10 11 12 5 6 5 1
3 13 14 15 7 7 7 1
3 15 14 16 8 8 8 1
3 17 18 19 9 9 9 1
3 20 17 21 10 10 10 1
3 22 23 24 11 11 11 1
3 25 26 27 12 13 14 1
3 28 29 30 15 16 17 1
3 0 31 32 0 18 19 1
3 33 32 34 20 19 21 1
3 35 33 34 22 20 21 1
3 1 5 3 1 23 2 1
3 31 0 2 18 0 1 1
3 36 10 12 24 5 5 1
3 6 37 38 25 25 25 1
3 4 3 5 26 26 26 1
3 6 38 4 27 27 27 1
3 7 11 39 28 28 28 1
3 39 8 7 29 29 29 1
3 8 20 9 30 30 30 1
3 10 39 11 5 31 6 1
3 40 36 12 32 24 5 1
3 41 42 43 33 34 35 1
3 30 41 43 17 33 35 1
3 40 43 42 32 35 34 1
3 36 40 42 24 32 34 1
3 44 13 15 36 36 36 1
3 44 45 46 37 37 37 1
3 14 47 16 38 38 38 1
3 13 44 46 39 39 39 1
3 37 46 45 40 40 40 1
3 38 37 45 41 41 41 1
3 21 17 19 42 42 42 1
3 9 20 21 43 43 43 1
3 24 19 18 44 44 44 1
3 22 24 18 45 45 45 1
3 22 25 23 46 46 46 1
3 33 35 26 20 22 13 1
3 35 27 26 22 14 13 1
3 27 23 25 14 47 12 1
3 28 16 47 15 48 49 1
3 47 29 28 49 16 15 1
3 29 41 30 16 33 17 1
3 31 34 32 18 21 19 1
3 48 49 50 50 51 52 1
3 51 52 53 53 54 55 1
3 54 55 56 56 57 58 1
3 57 58 59 59 60 61 1
3 60 57 61 62 59 63 1
3 62 57 59 64 59 61 1
3 59 63 62 61 65 64 1
3 59 64 63 61 66 65 1
3 51 53 65 53 55 67 1
3 55 66 60 57 68 62 1
3 67 68 69 69 70 71 1
3 61 55 60 63 57 62 1
3 68 70 71 70 72 73 1
3 60 58 57 62 60 59 1
3 72 73 74 74 75 76 1
3 49 75 54 51 77 56 1
3 76 77 78 78 79 80 1
3 56 49 54 58 51 56 1
3 79 80 81 81 82 83 1
3 54 66 55 56 68 57 1
3 80 82 83 82 84 85 1
3 84 85 48 86 87 50 1
3 48 75 49 50 77 51 1
3 50 84 48 52 86 50 1
3 86 84 87 88 86 89 1
3 65 63 51 67 65 53 1
3 63 64 51 65 66 53 1
3 67 70 68 69 72 70 1
3 69 53 67 71 55 69 1
3 53 52 67 55 54 69 1
3 71 88 89 73 90 91 1
3 89 90 71 91 92 73 1
3 90 68 71 92 70 73 1
3 72 91 73 74 93 75 1
3 74 89 72 76 91 74 1
3 89 88 72 91 90 74 1
3 76 92 77 78 94 79 1
3 78 73 76 80 75 78 1
3 73 91 76 75 93 78 1
3 79 82 80 81 84 82 1
3 81 77 79 83 79 81 1
3 77 92 79 79 94 81 1
3 83 93 94 85 95 96 1
3 94 95 83 96 97 85 1
3 95 80 83 97 82 85 1
3 86 85 84 88 87 86 1
3 87 94 86 89 96 88 1
3 94 93 86 96 95 88 1
"ornate" 0 1
24
3 0.000000 -0.000000 -4.896461 0.507218 0.505922 -1
3 -16.000000 -0.000000 -4.896461 0.251297 0.503249 -1
3 -11.310000 -11.310000 -4.896461 0.299299 0.685824 -1
3 0.000000 -0.000000 -4.896461 0.506984 0.507946 -1
3 -11.310000 -11.310000 -4.896461 0.301311 0.692764 -1
3 0.000000 -16.000000 -4.896461 0.501281 0.765500 -1
3 0.000000 -0.000000 -4.896461 0.507737 0.507382 -1
3 0.000000 -16.000000 -4.896461 0.501366 0.760918 -1
3 11.310000 -11.310000 -4.896461 0.682002 0.700110 -1
3 0.000000 -0.000000 -4.896461 0.508077 0.506719 -1
3 11.310000 -11.310000 -4.896461 0.686240 0.702535 -1
3 16.000000 -0.000000 -4.896461 0.749544 0.523447 -1
3 0.000000 -0.000000 -4.896461 0.508756 0.505893 -1
3 16.000000 -0.000000 -4.896461 0.749216 0.520262 -1
3 11.310000 11.310000 -4.896462 0.697689 0.317830 -1
3 0.000000 -0.000000 -4.896461 0.508587 0.505861 -1
3 11.310000 11.310000 -4.896462 0.695548 0.317763 -1
3 0.000000 16.000000 -4.896463 0.494263 0.219415 -1
3 0.000000 -0.000000 -4.896461 0.507729 0.506558 -1
3 0.000000 16.000000 -4.896463 0.494311 0.219774 -1
3 -11.310000 11.310000 -4.896462 0.305214 0.317586 -1
3 0.000000 -0.000000 -4.896461 0.507898 0.506590 -1
3 -11.310000 11.310000 -4.896462 0.298792 0.317385 -1
3 -16.000000 -0.000000 -4.896461 0.249968 0.502497 -1
1
-0.000000 -0.000000 1.000000
8
3 0 1 2 0 0 0 1
3 3 4 5 0 0 0 1
3 6 7 8 0 0 0 1
3 9 10 11 0 0 0 1
3 12 13 14 0 0 0 1
3 15 16 17 0 0 0 1
3 18 19 20 0 0 0 1
3 21 22 23 0 0 0 1


Materials: 2
"default"
1.000000 1.000000 1.000000 1.000000
0.800000 0.800000 0.800000 1.000000
0.000000 0.000000 0.000000 1.000000
0.000000 0.000000 0.000000 1.000000
0.192000
1.000000
"_mine tex.png"
""
"ornate"
0.000000 0.000000 0.000000 1.000000
1.000000 1.000000 1.000000 1.000000
1.000000 1.000000 1.000000 1.000000
0.000000 0.000000 0.000000 1.000000
0.000000
1.000000
"_mine ornate.png"
""

Bones: 1
"joint1"
""
0 0 0 0 0 0 0
2
1.000000 0.000000 0.000000 0.000000
120.000000 0.000000 0.000000 0.000000
3
1.000000 0.000000 0.000000 0.000000
60.000000 0.000000 0.000000 -3.1
120.000000 0.000000 0.000000 -6.2

GroupComments: 0
MaterialComments: 0
BoneComments: 0
ModelComment: 0
