// MilkShape 3D ASCII

Frames: 30
Frame: 1

Meshes: 3
"inkblack arrow mesh border of life" 0 0
106
3 0.000000 -5.137908 0.000000 0.000000 1.000000 -1
3 -9.660185 4.522276 -0.000000 1.000000 1.000000 -1
3 -11.510276 6.948467 -0.000000 1.000000 0.000000 -1
3 0.000846 -7.709101 0.000002 0.000000 0.000000 -1
3 9.660185 4.522276 -0.000000 0.000000 1.000000 -1
3 0.000000 -5.137908 0.000000 1.000000 1.000000 -1
3 0.000846 -7.709101 0.000002 1.000000 0.000000 -1
3 11.511969 6.948467 -0.000000 0.000000 0.000000 -1
3 -11.808359 3.167025 -0.000638 0.000000 1.000000 -1
3 0.000000 -8.641335 0.000690 1.000000 1.000000 -1
3 -11.510276 6.948467 -0.000000 0.000000 0.000000 -1
3 0.000000 -8.641335 0.000690 0.000000 1.000000 -1
3 11.808358 3.167025 0.001322 1.000000 1.000000 -1
3 11.511969 6.948467 -0.000000 1.000000 0.000000 -1
3 -8.816691 30.358658 -0.000008 0.999451 1.000549 -1
3 -10.627589 32.821732 -0.000008 1.000549 0.000549 -1
3 -11.251744 32.563202 -0.000008 0.000549 -0.000549 -1
3 -9.413133 30.111605 -0.000008 -0.000549 0.999451 -1
3 -9.413133 30.111605 -0.000008 0.999451 1.000549 -1
3 -11.251744 32.563202 -0.000008 1.000549 0.000549 -1
3 -11.510276 31.939047 -0.000008 0.000549 -0.000549 -1
3 -9.660185 29.515165 -0.000008 -0.000549 0.999451 -1
3 -9.660185 4.522276 -0.000000 0.000000 1.000000 -1
3 -9.660185 29.515165 -0.000008 1.000000 1.000000 -1
3 -11.510276 31.939047 -0.000008 1.000000 0.000000 -1
3 -8.816691 30.358658 -0.000008 0.000000 1.000000 -1
3 0.000000 30.358658 -0.000008 1.000000 1.000000 -1
3 0.000846 32.821732 -0.000008 1.000000 0.000000 -1
3 -10.627589 32.821732 -0.000008 0.000000 0.000000 -1
3 10.629295 32.821732 -0.000008 0.001833 -0.001826 -1
3 8.710303 30.358658 -0.000008 -0.001826 0.998167 -1
3 9.381970 30.080444 -0.000008 0.998167 1.001826 -1
3 11.253428 32.530594 -0.000008 1.001826 0.001833 -1
3 11.253428 32.530594 -0.000008 0.001833 -0.001826 -1
3 9.381970 30.080444 -0.000008 -0.001826 0.998167 -1
3 9.660185 29.408775 -0.000008 0.998167 1.001826 -1
3 11.511969 31.939068 -0.000008 1.001826 0.001833 -1
3 9.660185 29.408775 -0.000008 0.000000 1.000000 -1
3 9.660185 4.522276 -0.000000 1.000000 1.000000 -1
3 11.511969 31.939068 -0.000008 0.000000 0.000000 -1
3 0.000000 30.358658 -0.000008 0.000000 1.000000 -1
3 8.710303 30.358658 -0.000008 1.000000 1.000000 -1
3 10.629295 32.821732 -0.000008 1.000000 0.000000 -1
3 0.000846 32.821732 -0.000008 0.000000 0.000000 -1
3 17.845266 12.816108 0.008903 0.001833 -0.001826 -1
3 18.107325 9.593791 0.009567 -0.001826 0.998167 -1
3 18.728676 9.856913 0.011071 0.998167 1.001826 -1
3 18.495491 13.091455 0.010303 1.001826 0.001833 -1
3 18.495491 13.091455 0.010303 0.001833 -0.001826 -1
3 18.728676 9.856913 0.011071 -0.001826 0.998167 -1
3 19.351349 9.596938 0.013554 0.998167 1.001826 -1
3 19.147097 12.819401 0.012584 1.001826 0.001833 -1
3 11.808358 3.167025 0.001322 0.000000 1.000000 -1
3 18.107325 9.593791 0.009567 1.000000 1.000000 -1
3 17.845266 12.816108 0.008903 1.000000 0.000000 -1
3 -19.114504 12.850600 -0.000003 0.001833 -0.001826 -1
3 -19.321814 9.626741 0.000752 -0.001826 0.998167 -1
3 -18.728626 9.874414 0.000671 0.998167 1.001826 -1
3 -18.493755 13.109779 -0.000004 1.001826 0.001833 -1
3 -18.493755 13.109779 -0.000004 0.001833 -0.001826 -1
3 -18.728626 9.874414 0.000671 -0.001826 0.998167 -1
3 -18.136694 9.623753 0.000571 0.998167 1.001826 -1
3 -17.874317 12.847473 -0.000003 1.001826 0.001833 -1
3 -18.136694 9.623753 0.000571 0.000000 1.000000 -1
3 -11.808359 3.167025 -0.000638 1.000000 1.000000 -1
3 -17.874317 12.847473 -0.000003 0.000000 0.000000 -1
3 -31.977991 -2.259821 0.000001 0.001833 -0.001826 -1
3 -28.954491 -1.821586 0.001868 -0.001826 0.998167 -1
3 -29.309786 -0.965029 0.001893 0.998167 1.001826 -1
3 -32.349792 -1.363462 0.000000 1.001826 0.001833 -1
3 -32.349792 -1.363462 0.000000 0.001833 -0.001826 -1
3 -29.309786 -0.965029 0.001893 -0.001826 0.998167 -1
3 -28.958536 -0.106803 0.001847 0.998167 1.001826 -1
3 -31.982225 -0.465359 0.000000 1.001826 0.001833 -1
3 -28.958536 -0.106803 0.001847 0.000000 1.000000 -1
3 -19.321814 9.626741 0.000752 1.000000 1.000000 -1
3 -19.114504 12.850600 -0.000003 1.000000 0.000000 -1
3 -31.982225 -0.465359 0.000000 0.000000 0.000000 -1
3 -1.023354 -29.768257 -0.000589 0.999451 1.000549 -1
3 -1.070064 -33.184944 0.000010 1.000549 0.000549 -1
3 0.000847 -33.628773 0.000667 0.000549 -0.000549 -1
3 0.000006 -30.192383 0.000026 -0.000549 0.999451 -1
3 0.000006 -30.192383 0.000026 0.999451 1.000549 -1
3 0.000847 -33.628773 0.000667 1.000549 0.000549 -1
3 1.071759 -33.184948 0.002250 0.000549 -0.000549 -1
3 1.023367 -29.768261 0.001638 -0.000549 0.999451 -1
3 -1.023354 -29.768257 -0.000589 0.000000 1.000000 -1
3 -28.954491 -1.821586 0.001868 1.000000 1.000000 -1
3 -31.977991 -2.259821 0.000001 1.000000 0.000000 -1
3 -1.070064 -33.184944 0.000010 0.000000 0.000000 -1
3 28.777922 -1.998458 0.064468 1.000232 0.999768 -1
3 31.794924 -2.444906 0.066492 0.999768 -0.000232 -1
3 32.243610 -1.363211 0.066688 -0.000232 0.000232 -1
3 29.206688 -0.964795 0.064588 0.000232 1.000232 -1
3 29.206688 -0.964795 0.064588 1.000232 0.999768 -1
3 32.243610 -1.363211 0.066688 0.999768 -0.000232 -1
3 31.800037 -0.279417 0.063970 -0.000232 0.000232 -1
3 28.782810 0.070875 0.061575 0.000232 1.000232 -1
3 28.777922 -1.998458 0.064468 0.000000 1.000000 -1
3 1.023367 -29.768261 0.001638 1.000000 1.000000 -1
3 1.071759 -33.184948 0.002250 1.000000 0.000000 -1
3 31.794924 -2.444906 0.066492 0.000000 0.000000 -1
3 19.351349 9.596938 0.013554 0.000000 1.000000 -1
3 28.782810 0.070875 0.061575 1.000000 1.000000 -1
3 31.800037 -0.279417 0.063970 1.000000 0.000000 -1
3 19.147097 12.819401 0.012584 0.000000 0.000000 -1
30
-0.000000 -0.000000 1.000000
-0.000200 0.000200 1.000000
-0.000700 0.000100 1.000000
-0.000300 0.000200 1.000000
-0.000800 0.000300 1.000000
-0.002000 0.000100 1.000000
-0.001800 0.000100 1.000000
-0.003000 -0.000000 1.000000
-0.002900 0.001300 1.000000
-0.003400 0.000500 1.000000
-0.000100 0.000300 1.000000
-0.000300 0.000400 1.000000
0.000100 0.000200 1.000000
0.000100 0.000100 1.000000
-0.000400 -0.000200 1.000000
-0.000300 -0.000200 1.000000
-0.000600 -0.000000 1.000000
-0.000500 0.000400 1.000000
-0.000600 0.000300 1.000000
-0.000300 -0.000100 1.000000
-0.000400 0.000100 1.000000
-0.001100 0.000200 1.000000
-0.001600 -0.000000 1.000000
-0.001600 -0.000300 1.000000
-0.001200 -0.000300 1.000000
-0.001000 -0.000100 1.000000
-0.000600 0.001200 1.000000
-0.000500 0.001400 1.000000
-0.000900 0.002400 1.000000
-0.001900 0.002100 1.000000
56
3 0 1 2 0 0 0 1
3 0 2 3 0 0 1 1
3 4 5 6 0 0 1 1
3 4 6 7 0 1 2 1
3 8 9 6 0 3 1 1
3 8 6 10 0 1 0 1
3 11 12 13 3 4 2 1
3 11 13 3 3 2 1 1
3 14 15 16 0 0 0 1
3 14 16 17 0 0 0 1
3 18 19 20 0 0 0 1
3 18 20 21 0 0 0 1
3 22 23 24 0 0 0 1
3 22 24 10 0 0 0 1
3 25 26 27 0 0 0 1
3 25 27 28 0 0 0 1
3 29 30 31 0 0 0 1
3 29 31 32 0 0 0 1
3 33 34 35 0 0 0 1
3 33 35 36 0 0 0 1
3 37 38 13 0 0 2 1
3 37 13 39 0 2 0 1
3 40 41 42 0 0 0 1
3 40 42 43 0 0 0 1
3 44 45 46 5 6 7 1
3 44 46 47 5 7 7 1
3 48 49 50 7 7 8 1
3 48 50 51 7 8 9 1
3 52 53 54 4 6 5 1
3 52 54 7 4 5 2 1
3 55 56 57 10 11 12 1
3 55 57 58 10 12 12 1
3 59 60 61 12 12 13 1
3 59 61 62 12 13 13 1
3 63 64 2 13 0 0 1
3 63 2 65 13 0 13 1
3 66 67 68 14 15 16 1
3 66 68 69 14 16 16 1
3 70 71 72 16 16 17 1
3 70 72 73 16 17 18 1
3 74 75 76 17 11 10 1
3 74 76 77 17 10 18 1
3 78 79 80 19 20 21 1
3 78 80 81 19 21 21 1
3 82 83 84 21 21 22 1
3 82 84 85 21 22 23 1
3 86 87 88 19 15 14 1
3 86 88 89 19 14 20 1
3 90 91 92 24 25 26 1
3 90 92 93 24 26 27 1
3 94 95 96 27 26 28 1
3 94 96 97 27 28 29 1
3 98 99 100 24 23 22 1
3 98 100 101 24 22 25 1
3 102 103 104 8 29 28 1
3 102 104 105 8 28 9 1
"default" 0 1
152
1 -0.271808 -1.690839 1.395456 0.124023 0.593808 -1
1 -0.271808 27.575781 1.422720 0.124023 0.365234 -1
1 -7.393030 27.566521 1.395453 0.074805 0.365234 -1
1 -7.393030 5.309162 1.395456 0.074805 0.539120 -1
1 6.606970 5.309162 1.395456 0.173242 0.539120 -1
1 6.606970 27.566521 1.395453 0.173242 0.365234 -1
1 -0.271808 28.345610 4.394428 0.944734 0.186860 -1
1 -0.271808 27.575781 1.422720 0.943184 0.496900 -1
1 6.606970 27.566521 1.395453 0.943184 0.496900 -1
1 -0.248492 -12.375086 1.400002 0.153681 0.558334 -1
1 -0.248492 -26.889807 1.400005 0.225846 0.638517 -1
1 18.356428 6.124914 1.399999 0.153681 0.353936 -1
1 -18.643572 6.124914 1.399999 0.681127 0.278530 -1
1 -0.248492 -12.375086 1.400002 0.683588 0.066902 -1
1 -18.771809 7.236432 4.376715 0.650506 0.239838 -1
1 -0.248492 -27.736431 4.376720 0.273801 0.069444 -1
1 26.464622 -1.000000 4.376716 0.385130 0.543837 -1
1 25.613787 -1.132445 1.399999 0.393314 0.540069 -1
1 -0.248492 -26.889807 1.400005 0.285937 0.072690 -1
1 26.464622 -1.000000 4.376716 0.530056 0.489149 -1
1 18.228191 7.236432 4.376715 0.529281 0.420940 -1
1 25.613787 -1.132445 1.399999 0.530832 0.411639 -1
1 -27.008240 -1.000000 4.376716 0.975329 0.168458 -1
1 -25.900930 -1.132445 1.399999 0.973877 0.051460 -1
1 -18.771809 7.236432 4.376715 0.975329 0.045436 -1
1 18.228191 7.236432 4.376715 0.892755 0.244079 -1
1 -0.248492 -11.263570 4.376718 0.892755 0.244079 -1
1 -0.248492 -12.375086 1.400002 0.892755 0.244079 -1
1 18.228191 7.236432 4.376715 0.887833 0.138265 -1
1 -0.248492 -12.375086 1.400002 0.887833 0.138265 -1
1 18.356428 6.124914 1.399999 0.887833 0.138265 -1
1 -0.248492 -26.889807 1.400005 0.478018 0.295755 -1
1 -25.900930 -1.132445 1.399999 0.474327 0.500000 -1
1 -0.248492 -27.736431 4.376720 0.474327 0.500000 -1
1 -0.248492 -11.263570 4.376718 0.648848 0.525973 -1
1 -25.900930 -1.132445 1.399999 0.107526 0.356401 -1
1 -0.248492 -26.889807 1.400005 0.035550 0.628298 -1
1 -18.643572 6.124914 1.399999 0.032640 0.358987 -1
1 -0.248492 -27.736431 4.376720 0.934658 0.149656 -1
1 -0.248492 -31.000000 -1.161741 0.934658 0.076796 -1
1 26.464622 -1.000000 4.376716 0.935211 0.034717 -1
1 18.228191 7.236432 4.376715 0.341539 0.443402 -1
1 18.228191 10.500000 -1.161748 0.340309 0.591049 -1
1 -0.248492 -8.000000 -1.161745 0.344000 0.509843 -1
1 -0.248492 -8.000000 -1.161745 0.779559 0.687019 -1
1 -18.771809 10.500000 -1.161748 0.583926 0.413873 -1
1 -18.771809 7.236432 4.376715 0.579005 0.413873 -1
1 26.464622 -1.000000 4.376716 0.618418 0.296924 -1
1 29.728191 -1.000000 -1.161747 0.613767 0.520153 -1
1 18.228191 10.500000 -1.161748 0.613767 0.520153 -1
1 18.228191 7.236432 4.376715 0.613767 0.520153 -1
1 -30.271809 -1.000000 -1.161747 0.669671 0.205973 -1
1 -0.248492 -31.000000 -1.161741 0.669719 0.120571 -1
1 -27.008240 -1.000000 4.376716 0.669133 0.094821 -1
1 -18.771809 7.236432 4.376715 0.340472 0.581792 -1
1 -18.771809 10.500000 -1.161748 0.337692 0.690750 -1
1 -30.271809 -1.000000 -1.161747 0.271250 0.964873 -1
1 -7.964115 28.192308 4.376712 0.943184 0.496900 -1
1 -7.393030 27.566521 1.395453 0.943184 0.496900 -1
1 -0.271808 -2.950375 4.394432 0.530832 0.617815 -1
1 -0.271808 -1.690839 1.395456 0.530832 0.617815 -1
1 -7.393030 5.309162 1.395456 0.530832 0.617815 -1
1 -7.950346 4.938962 4.408688 0.530832 0.357382 -1
1 -27.008240 -1.000000 4.376716 0.474327 0.500000 -1
1 -0.271808 -2.950375 4.394432 0.448671 0.527904 -1
1 7.420499 4.955877 4.376715 0.451772 0.227165 -1
1 6.606970 5.309162 1.395456 0.447121 0.524803 -1
1 -0.271808 -1.690839 1.395456 0.453322 0.214764 -1
1 7.512557 28.345610 4.394428 0.943184 0.496900 -1
1 -10.271809 4.000000 -1.161747 0.502928 0.520153 -1
1 -0.271808 -6.000000 -1.161745 0.506028 0.786786 -1
1 -0.271808 -2.950375 4.394432 0.504478 0.594562 -1
1 7.512557 28.345610 4.394428 0.451027 0.368939 -1
1 6.606970 27.566521 1.395453 0.446106 0.450145 -1
1 -7.950346 4.938962 4.408688 0.941782 0.347539 -1
1 -7.393030 5.309162 1.395456 0.941782 0.607972 -1
1 7.512557 28.345610 4.394428 0.284922 0.088104 -1
1 9.728191 30.500000 -1.161751 0.285526 0.090922 -1
1 -0.271808 28.345610 4.394428 0.405091 0.526266 -1
1 -7.950346 4.938962 4.408688 0.505253 0.721678 -1
1 9.728191 4.000000 -1.161747 0.949655 0.396672 -1
1 9.728191 30.500000 -1.161751 0.951206 0.027725 -1
1 7.420499 4.955877 4.376715 0.946410 0.399127 -1
1 -0.271808 28.345610 4.394428 0.445571 0.487598 -1
1 -0.271808 30.500000 -1.161751 0.445571 0.487598 -1
1 -10.271809 30.500000 -1.161751 0.300385 0.054520 -1
1 -7.964115 28.192308 4.376712 0.295180 0.054004 -1
1 -0.271808 -2.950375 4.394432 0.888163 0.227224 -1
1 -0.271808 -6.000000 -1.161745 0.924273 0.098492 -1
1 9.728191 4.000000 -1.161747 0.894364 0.098004 -1
1 -0.271808 -2.950375 4.394432 0.898672 0.224550 -1
1 9.728191 4.000000 -1.161747 0.968430 0.207067 -1
1 7.420499 4.955877 4.376715 0.935101 0.113603 -1
1 -0.271808 30.500000 -1.161751 0.403478 0.526239 -1
1 18.228191 7.236432 4.376715 0.343271 0.382533 -1
1 -0.248492 -8.000000 -1.161745 0.343271 0.651283 -1
1 -0.248492 -11.263570 4.376718 0.343271 0.658855 -1
1 -18.771809 7.236432 4.376715 0.339614 0.556037 -1
1 -30.271809 -1.000000 -1.161747 0.271943 0.957127 -1
1 -27.008240 -1.000000 4.376716 0.279325 0.905451 -1
1 -0.248492 -11.263570 4.376718 0.783906 0.682436 -1
1 -0.248492 -8.000000 -1.161745 0.783906 0.674864 -1
1 -18.771809 7.236432 4.376715 0.587663 0.398542 -1
1 29.728191 -1.000000 -1.161747 0.935211 0.034717 -1
1 -18.643572 6.124914 1.399999 0.972966 0.286292 -1
1 25.613787 -1.132445 1.399999 0.225846 0.353936 -1
1 18.356428 6.124914 1.399999 0.530056 0.344980 -1
1 7.420499 4.955877 4.376715 0.448102 0.285931 -1
1 -7.964115 28.192308 4.376712 0.445571 0.487598 -1
1 -10.271809 30.500000 -1.161751 0.445571 0.177559 -1
1 -7.950346 4.938962 4.408688 0.504478 0.667421 -1
1 7.512557 28.345610 4.394428 0.946410 0.028426 -1
1 -10.271809 4.000000 -1.161747 0.504478 0.667421 -1
1 -0.248492 -27.736431 4.376720 0.669133 0.255256 -1
1 -30.271809 -1.000000 -1.161747 0.338922 0.792618 -1
1 -18.771809 10.500000 -1.161748 0.338922 0.668603 -1
1 29.728191 -1.000000 -3.261226 0.935211 0.034717 -1
1 9.728191 4.000000 -3.261227 0.949655 0.396672 -1
1 9.728191 30.500000 -3.261231 0.951206 0.027725 -1
1 -18.771809 10.500000 -3.261227 0.338922 0.668603 -1
1 -30.271809 -1.000000 -3.261226 0.338922 0.792618 -1
1 -0.248492 -8.000000 -3.261225 0.779559 0.687019 -1
1 -18.771809 10.500000 -3.261227 0.583926 0.413873 -1
1 -10.271809 4.000000 -3.261227 0.504478 0.667421 -1
1 9.728191 4.000000 -3.261227 0.894364 0.098004 -1
1 -0.271808 -6.000000 -3.261225 0.506028 0.786786 -1
1 -10.271809 4.000000 -3.261227 0.502928 0.520153 -1
1 -30.271809 -1.000000 -3.261226 0.669671 0.205973 -1
1 -0.248492 -31.000000 -3.261221 0.669719 0.120571 -1
1 -10.271809 30.500000 -1.161751 0.445571 0.060372 -1
1 -0.271808 30.500000 -3.261231 0.445312 0.484375 -1
1 -10.271809 30.500000 -3.261231 0.445571 0.060372 -1
1 -10.271809 30.500000 -3.261231 0.445571 0.177559 -1
1 -0.271808 -6.000000 -3.261225 0.924273 0.098492 -1
1 9.728191 30.500000 -1.161751 0.445571 0.370411 -1
1 9.728191 30.500000 -3.261231 0.444285 0.186145 -1
1 9.728191 30.500000 -1.161751 0.444285 0.186145 -1
1 -0.271808 30.500000 -1.161751 0.445571 0.370411 -1
1 -0.248492 -31.000000 -3.261221 0.934658 0.076796 -1
1 -0.248492 -8.000000 -1.161745 0.345965 0.554206 -1
1 18.228191 10.500000 -1.161748 0.351562 0.652344 -1
1 -0.248492 -8.000000 -3.261225 0.347918 0.401863 -1
1 -0.248492 -8.000000 -3.261225 0.365497 0.296394 -1
1 18.228191 10.500000 -1.161748 0.369141 0.546875 -1
1 18.228191 10.500000 -3.264318 0.369141 0.667969 -1
1 29.728191 -1.000000 -3.261226 0.620758 0.253467 -1
1 18.228191 10.500000 -3.264318 0.611328 0.625000 -1
1 18.228191 10.500000 -1.161748 0.613281 0.417969 -1
1 29.728191 -1.000000 -1.161747 0.620758 0.253467 -1
1 -0.248492 -26.889807 1.400005 0.035542 0.628103 -1
1 -0.248492 -12.375086 1.400002 0.107842 0.560264 -1
1 -18.643572 6.124914 1.399999 0.106863 0.355602 -1
58
-0.007400 0.690600 0.723200
-0.000000 -0.613500 0.789700
0.525100 -0.509500 0.681700
0.654800 0.259200 0.710000
-0.626500 0.255000 0.736500
-0.484500 -0.501600 0.716700
-0.001400 -0.057600 0.998300
0.000100 -0.317900 0.948100
0.001700 0.733700 0.679500
-0.017900 -0.705600 0.708400
-0.018000 -0.705900 0.708000
0.010300 0.318100 0.948000
0.002200 -0.292500 0.956200
0.293000 -0.014400 0.956000
-0.733400 0.017100 0.679600
0.010400 0.316400 0.948600
-0.317000 -0.012200 0.948400
0.706300 0.017400 0.707700
0.000500 -0.443600 0.896200
0.000100 -0.360300 0.932800
-0.000300 0.971500 0.237100
-0.000500 0.637000 0.770900
-0.000100 0.360400 0.932800
0.532700 0.000100 0.846300
-0.360300 -0.000000 0.932800
-0.213300 0.194800 0.957400
-0.004100 -0.342000 0.939700
-0.121900 -0.035400 0.991900
0.147600 -0.054100 0.987600
0.229100 0.243400 0.942500
-0.460500 -0.188300 0.867500
-0.000000 -0.371900 0.928300
0.224700 0.843900 0.487200
0.460100 -0.188300 0.867700
-0.000000 0.982900 0.183900
-0.282500 0.727100 0.625700
-0.000000 -0.000000 1.000000
-0.577300 -0.000100 0.816500
0.000200 -0.577400 0.816500
0.816500 0.000200 0.577300
0.626900 -0.259700 0.734500
0.426800 0.797300 0.426800
-0.000200 0.577500 0.816400
-0.000500 0.816500 0.577400
-0.577400 0.577300 0.577300
-0.626900 -0.259700 0.734500
-0.000000 -0.577300 0.816500
1.000000 0.000200 -0.000000
0.923900 -0.382700 -0.000000
0.707100 0.707100 -0.000000
-0.000300 1.000000 -0.000000
-1.000000 -0.000200 -0.000000
-0.000700 1.000000 -0.000000
-0.923900 -0.382700 -0.000000
-0.000000 -1.000000 -0.000000
0.000400 -1.000000 -0.000000
-0.000000 1.000000 -0.000000
-0.707100 0.707100 -0.000000
116
1 0 1 2 0 1 2 1
1 0 2 3 0 2 3 1
1 4 5 0 4 5 0 1
1 6 7 8 6 1 5 1
1 9 10 11 7 8 9 1
1 5 1 0 5 1 0 1
1 12 13 14 10 7 11 1
1 15 16 17 12 13 14 1
1 15 17 18 12 14 8 1
1 19 20 21 13 15 14 1
1 22 23 24 16 17 11 1
1 25 26 27 15 18 7 1
1 28 29 30 15 7 9 1
1 31 32 33 8 17 12 1
1 13 34 14 7 18 11 1
1 35 36 37 17 8 10 1
1 38 39 40 12 19 13 1
1 41 42 43 15 20 21 1
1 44 45 46 21 22 11 1
1 47 48 49 13 23 20 1
1 47 49 50 13 20 15 1
1 51 52 53 24 19 16 1
1 54 55 56 11 22 24 1
1 6 57 58 6 25 2 1
1 6 58 7 6 2 1 1
1 59 60 61 26 0 3 1
1 62 59 61 27 26 3 1
1 32 63 33 17 16 12 1
1 64 65 66 26 28 4 1
1 64 66 67 26 4 0 1
1 68 6 8 29 6 5 1
1 69 70 71 30 31 26 1
1 72 73 66 29 5 4 1
1 74 75 57 27 3 25 1
1 76 77 78 29 32 6 1
1 79 69 71 27 30 26 1
1 80 81 82 33 32 28 1
1 83 84 85 6 34 35 1
1 83 85 86 6 35 25 1
1 87 88 89 26 31 33 1
1 90 91 92 26 33 28 1
1 77 93 78 32 34 6 1
1 94 95 96 15 21 18 1
1 97 98 99 11 24 16 1
1 100 101 102 18 21 11 1
1 39 103 40 19 23 13 1
1 23 104 24 17 10 11 1
1 10 105 11 8 14 9 1
1 20 106 21 15 9 14 1
1 107 72 66 28 29 4 1
1 108 109 110 25 35 27 1
1 75 58 57 3 2 25 1
1 81 111 82 32 29 28 1
1 110 109 112 27 35 30 1
1 52 113 53 19 12 16 1
1 112 109 109 30 35 36 1
1 112 109 112 30 36 36 1
1 103 39 39 23 19 36 1
1 103 39 103 23 36 36 1
1 52 51 51 19 24 36 1
1 52 51 52 19 36 36 1
1 70 69 69 31 30 36 1
1 70 69 70 31 36 36 1
1 81 80 80 32 33 36 1
1 81 80 81 32 36 36 1
1 45 44 44 22 21 36 1
1 45 44 45 22 36 36 1
1 114 115 115 24 22 36 1
1 114 115 114 24 36 36 1
1 89 88 88 33 31 36 1
1 89 88 89 33 36 36 1
1 52 51 51 36 36 37 1
1 52 51 52 36 37 38 1
1 103 39 39 36 36 38 1
1 103 39 103 36 38 39 1
1 81 80 80 36 36 40 1
1 81 80 81 36 40 41 1
1 114 115 115 36 36 42 1
1 114 115 114 36 42 37 1
1 45 44 44 36 36 43 1
1 45 44 45 36 43 42 1
1 112 109 109 36 36 44 1
1 112 109 112 36 44 45 1
1 89 88 88 36 36 46 1
1 89 88 89 36 46 40 1
1 70 69 69 36 36 45 1
1 70 69 70 36 45 46 1
1 103 39 116 39 38 47 1
1 81 117 118 41 48 49 1
1 114 119 120 37 50 51 1
1 45 44 121 42 43 52 1
1 45 121 122 42 52 50 1
1 112 109 123 45 44 53 1
1 89 88 124 40 46 48 1
1 125 70 126 54 46 53 1
1 52 127 128 38 51 55 1
1 129 130 131 35 56 57 1
1 129 131 129 35 57 44 1
1 70 69 126 46 45 53 1
1 123 109 132 53 44 57 1
1 117 81 80 48 41 40 1
1 124 88 133 48 46 54 1
1 134 135 136 32 49 41 1
1 134 136 130 32 41 56 1
1 134 130 137 32 56 34 1
1 135 130 136 49 56 41 1
1 135 136 134 49 41 32 1
1 130 129 137 56 35 34 1
1 119 114 115 50 37 42 1
1 127 52 51 51 38 37 1
1 116 39 138 47 38 55 1
1 139 140 141 43 20 52 1
1 142 143 144 52 20 50 1
1 145 146 147 47 50 20 1
1 147 148 145 20 39 47 1
1 149 150 151 8 7 10 1
"ornate" 0 2
16
3 0.000000 -12.242640 6.000002 0.500567 0.667573 -1
3 0.000000 -26.757359 6.000004 0.500036 0.941116 -1
3 18.500000 6.257360 6.000000 0.791078 0.381965 -1
3 -18.500000 6.257360 6.000000 0.211489 0.379142 -1
3 0.000000 -26.757359 6.000004 0.500124 0.941180 -1
3 0.000000 -12.242640 6.000002 0.500028 0.667333 -1
3 -18.500000 6.257360 6.000000 0.211741 0.378561 -1
3 -25.757359 -1.000000 6.000000 0.076586 0.518610 -1
3 0.000000 -26.757359 6.000004 0.499835 0.940761 -1
3 0.000000 -1.757360 6.000000 0.501032 0.548373 -1
3 0.000000 27.500000 5.999996 0.459762 0.052250 -1
3 -7.000000 27.500000 5.999996 0.371836 0.052250 -1
3 -7.000000 5.242640 6.000000 0.370913 0.419948 -1
3 7.000000 5.242640 6.000000 0.629668 0.423847 -1
3 7.000000 27.500000 5.999996 0.628618 0.052659 -1
3 25.757359 -1.000000 6.000000 0.927964 0.517773 -1
1
-0.000000 -0.000000 1.000000
8
3 0 1 2 0 0 0 1
3 3 4 5 0 0 0 1
3 6 7 8 0 0 0 1
3 9 10 11 0 0 0 1
3 9 11 12 0 0 0 1
3 13 14 9 0 0 0 1
3 1 15 2 0 0 0 1
3 14 10 9 0 0 0 1

Materials: 3
"outline"
1.000000 1.000000 1.000000 1.000000
0.800000 0.800000 0.800000 1.000000
0.500000 0.500000 0.500000 1.000000
0.000000 0.000000 0.000000 1.000000
0.192000
1.000000
"border_of_life.png"
""
"Material01"
0.000000 0.000000 0.000000 1.000000
1.000000 1.000000 1.000000 1.000000
1.000000 1.000000 1.000000 1.000000
0.000000 0.000000 0.000000 1.000000
0.000000
1.000000
"texcher_4th.png"
""
"Material02"
0.000000 0.000000 0.000000 1.000000
1.000000 1.000000 1.000000 1.000000
1.000000 1.000000 1.000000 1.000000
0.000000 0.000000 0.000000 1.000000
0.000000
1.000000
"ornate_4th.png"
""

Bones: 0
GroupComments: 0
MaterialComments: 0
BoneComments: 0
ModelComment: 0
