// MilkShape 3D ASCII

Frames: 30
Frame: 1

Meshes: 5
"default" 0 0
57
0 0.000000 -0.000000 -5.000000 0.518196 0.062644 -1
0 -7.494265 -0.000000 -5.000000 0.519262 0.100827 -1
0 -5.297508 -5.297508 -5.000000 0.626913 0.089446 -1
0 0.000000 -7.494265 -4.999999 0.670929 0.062377 -1
0 5.297508 -5.297508 -5.000000 0.625405 0.035465 -1
0 7.494265 -0.000000 -5.000000 0.517129 0.024461 -1
0 5.297508 5.297508 -5.000000 0.409479 0.035842 -1
0 0.000000 7.494265 -5.000001 0.365463 0.062911 -1
0 -5.297508 5.297508 -5.000000 0.410987 0.089823 -1
0 9.405886 -16.061991 -0.961164 0.661988 0.286448 -1
0 7.435338 -12.663487 3.021671 0.619965 0.292729 -1
0 0.000001 -14.677307 3.021671 0.642650 0.311289 -1
0 0.000002 -18.609522 -0.961164 0.690146 0.311007 -1
0 16.069012 -9.398868 -0.961164 0.590862 0.268913 -1
0 12.670509 -7.428319 3.021670 0.567509 0.279430 -1
0 18.616539 0.007016 -0.961165 0.492477 0.262486 -1
0 14.684325 0.007016 3.021670 0.492791 0.274382 -1
0 -12.670509 7.442353 3.021669 0.422159 0.343872 -1
0 -16.069012 9.412900 -0.961166 0.398787 0.354502 -1
0 -18.616539 0.007015 -0.961165 0.497990 0.360860 -1
0 -14.684325 0.007016 3.021670 0.497343 0.348899 -1
0 -7.435337 12.677524 3.021669 0.368819 0.330607 -1
0 -9.405885 16.076027 -0.961166 0.326515 0.336970 -1
0 0.000000 14.691341 3.021669 0.346140 0.311923 -1
0 -0.000000 18.623554 -0.961167 0.298251 0.312123 -1
0 12.670506 7.442353 3.021669 0.418644 0.279740 -1
0 16.069010 9.412900 -0.961166 0.393449 0.269197 -1
0 9.405883 16.076029 -0.961166 0.323332 0.287261 -1
0 7.435336 12.677526 3.021669 0.365947 0.293064 -1
0 -12.670506 -7.428321 3.021670 0.572083 0.343349 -1
0 -16.069008 -9.398870 -0.961164 0.597470 0.353879 -1
0 -9.405883 -16.061998 -0.961164 0.666539 0.335697 -1
0 -7.435336 -12.663495 3.021671 0.624035 0.330040 -1
0 -16.069012 9.412900 -0.961166 0.387371 0.478015 -1
0 -9.405885 16.076027 -0.961166 0.319100 0.460168 -1
0 -10.196127 17.455912 -4.944002 0.283607 0.465091 -1
0 -17.448896 10.203141 -4.944001 0.368034 0.486243 -1
0 -18.616539 0.007015 -0.961165 0.486371 0.484637 -1
0 -20.210455 0.007014 -4.944000 0.486684 0.494812 -1
0 -16.069008 -9.398870 -0.961164 0.586026 0.477468 -1
0 -17.448893 -10.189112 -4.943999 0.604749 0.485896 -1
0 -10.196124 -17.441883 -4.943998 0.694612 0.466034 -1
0 -9.405883 -16.061998 -0.961164 0.660243 0.460604 -1
0 0.000002 -18.609522 -0.961164 0.690447 0.436139 -1
0 9.405886 -16.061991 -0.961164 0.664756 0.411430 -1
0 10.196128 -17.441875 -4.943998 0.700204 0.406485 -1
0 0.000003 -20.203438 -4.943998 0.728613 0.436367 -1
0 16.069012 -9.398868 -0.961164 0.595866 0.393372 -1
0 17.448896 -10.189109 -4.943999 0.615337 0.385118 -1
0 20.210455 0.007016 -4.944000 0.496455 0.376592 -1
0 18.616539 0.007016 -0.961165 0.496008 0.386792 -1
0 16.069010 9.412900 -0.961166 0.394895 0.392817 -1
0 17.448895 10.203141 -4.944001 0.376205 0.384405 -1
0 10.196125 17.455914 -4.944002 0.288823 0.405286 -1
0 9.405883 16.076029 -0.961166 0.323717 0.410565 -1
0 -0.000000 18.623554 -0.961167 0.292990 0.435215 -1
0 -0.000001 20.217470 -4.944002 0.254655 0.435007 -1
38
-0.000000 -0.000000 1.000000
0.428300 -0.739000 0.520100
0.356800 -0.616100 0.702200
-0.000000 -0.711600 0.702600
0.028900 -0.741900 0.669800
0.550100 -0.550100 0.628300
0.511800 -0.511800 0.690000
0.698800 -0.189300 0.689900
-0.698800 0.189300 0.689900
-0.550100 0.550100 0.628300
-0.511800 0.511800 0.690000
-0.356800 0.616100 0.702200
-0.428300 0.739000 0.520100
-0.000000 0.711600 0.702600
-0.000000 0.765900 0.643000
0.511800 0.511800 0.690000
0.698800 0.189300 0.689900
-0.698800 -0.189300 0.689900
-0.511800 -0.511800 0.690000
-0.189300 -0.698800 0.689900
0.189300 0.698800 0.689900
0.225300 0.831700 0.507400
-0.464200 0.804400 0.370800
-0.659800 0.659800 0.359500
-0.900400 0.243900 0.360300
-0.900400 -0.243900 0.360300
-0.659800 -0.659800 0.359500
-0.243900 -0.900400 0.360300
0.464200 -0.804400 0.370800
0.243900 -0.900400 0.360300
0.900400 -0.243900 0.360300
0.928000 -0.030800 0.371400
0.928400 -0.000000 0.371500
0.900400 0.243900 0.360300
0.659800 -0.659800 0.359500
0.659800 0.659800 0.359500
0.243900 0.900400 0.360300
-0.243900 0.900400 0.360300
56
0 0 1 2 0 0 0 1
0 0 2 3 0 0 0 1
0 0 3 4 0 0 0 1
0 0 4 5 0 0 0 1
0 0 5 6 0 0 0 1
0 0 6 7 0 0 0 1
0 0 7 8 0 0 0 1
0 0 8 1 0 0 0 1
0 9 10 11 1 2 3 1
0 9 11 12 1 3 4 1
0 13 14 10 5 6 2 1
0 13 10 9 5 2 1 1
0 15 16 14 7 7 7 1
0 15 14 13 7 7 7 1
0 17 18 19 8 8 8 1
0 17 19 20 8 8 8 1
0 18 17 21 9 10 11 1
0 18 21 22 9 11 12 1
0 23 24 22 13 14 12 1
0 23 22 21 13 12 11 1
0 25 26 27 15 15 15 1
0 25 27 28 15 15 15 1
0 26 25 16 16 16 16 1
0 26 16 15 16 16 16 1
0 29 20 19 17 17 17 1
0 29 19 30 17 17 17 1
0 30 31 32 18 18 18 1
0 30 32 29 18 18 18 1
0 11 32 31 3 19 19 1
0 11 31 12 3 19 4 1
0 28 27 24 20 21 14 1
0 28 24 23 20 14 13 1
0 33 34 35 9 12 22 1
0 35 36 33 23 23 23 1
0 37 33 38 24 24 24 1
0 37 38 39 25 25 25 1
0 38 33 36 24 24 24 1
0 38 40 39 25 25 25 1
0 39 40 41 26 26 26 1
0 39 41 42 26 26 26 1
0 42 41 43 27 27 27 1
0 44 43 45 1 4 28 1
0 41 46 43 27 27 27 1
0 46 45 43 29 29 29 1
0 47 44 45 5 1 28 1
0 47 48 49 30 30 31 1
0 50 49 51 32 31 33 1
0 45 48 47 34 34 34 1
0 47 49 50 30 31 32 1
0 49 52 51 33 33 33 1
0 51 52 53 35 35 35 1
0 54 53 55 21 36 14 1
0 34 55 35 12 14 22 1
0 56 35 55 37 37 37 1
0 53 56 55 36 36 36 1
0 53 54 51 35 35 35 1
"inner white" 0 0
24
0 14.725359 0.005334 3.021670 0.490032 0.130857 -1
0 12.705914 7.461449 3.021669 0.377393 0.139415 -1
0 7.055522 0.005332 -4.944000 0.490699 0.158129 -1
0 6.077955 3.614669 -4.944000 0.432566 0.162924 -1
0 7.456113 12.711251 3.021669 0.299762 0.160000 -1
0 3.609333 6.083291 -4.944000 0.394181 0.173552 -1
0 -0.000000 14.730694 3.021669 0.272284 0.188559 -1
0 0.000001 7.060857 -4.944000 0.381104 0.188473 -1
0 -7.456114 12.711249 3.021669 0.306398 0.216648 -1
0 -3.609335 6.083289 -4.944000 0.399929 0.202941 -1
0 -12.705916 7.461449 3.021669 0.388719 0.235925 -1
0 -6.077957 3.614668 -4.944000 0.442146 0.212406 -1
0 -14.725359 0.005334 3.021670 0.502813 0.242550 -1
0 -7.055522 0.005335 -4.944000 0.501483 0.215443 -1
0 -12.705913 -7.450781 3.021670 0.614465 0.233815 -1
0 -6.077954 -3.604003 -4.944000 0.558975 0.210371 -1
0 -7.456113 -12.700584 3.021670 0.691483 0.213552 -1
0 -3.609334 -6.072625 -4.944000 0.598171 0.199947 -1
0 0.000001 -14.720024 3.021670 0.719768 0.185223 -1
0 -0.000002 -7.050189 -4.944000 0.611508 0.185174 -1
0 7.456115 -12.700577 3.021670 0.686417 0.157131 -1
0 3.609336 -6.072619 -4.944000 0.592748 0.170785 -1
0 12.705916 -7.450779 3.021670 0.604378 0.137714 -1
0 6.077956 -3.604000 -4.944000 0.550416 0.161297 -1
20
-0.720400 -0.000000 0.693600
-0.623600 -0.361200 0.693300
-0.623700 -0.361100 0.693300
-0.361200 -0.623600 0.693300
-0.361100 -0.623700 0.693300
-0.000000 -0.720400 0.693600
0.361200 -0.623600 0.693300
0.361100 -0.623700 0.693300
0.623600 -0.361200 0.693300
0.623700 -0.361100 0.693300
0.720400 -0.000000 0.693600
0.623600 0.361200 0.693300
0.623700 0.361100 0.693300
0.361200 0.623600 0.693300
0.361100 0.623700 0.693300
-0.000000 0.720400 0.693600
-0.361200 0.623600 0.693300
-0.361100 0.623700 0.693300
-0.623600 0.361200 0.693300
-0.623700 0.361100 0.693300
24
0 0 1 2 0 1 0 1
0 1 3 2 1 2 0 1
0 1 4 3 1 3 2 1
0 4 5 3 3 4 2 1
0 4 6 5 3 5 4 1
0 6 7 5 5 5 4 1
0 6 8 7 5 6 5 1
0 8 9 7 6 7 5 1
0 8 10 9 6 8 7 1
0 10 11 9 8 9 7 1
0 10 12 11 8 10 9 1
0 12 13 11 10 10 9 1
0 12 14 13 10 11 10 1
0 14 15 13 11 12 10 1
0 14 16 15 11 13 12 1
0 16 17 15 13 14 12 1
0 16 18 17 13 15 14 1
0 18 19 17 15 15 14 1
0 18 20 19 15 16 15 1
0 20 21 19 16 17 15 1
0 20 22 21 16 18 17 1
0 22 23 21 18 19 17 1
0 22 0 23 18 0 19 1
0 0 2 23 0 0 19 1
"spikes" 0 0
163
0 -19.641537 -8.480490 4.110303 0.709194 0.340245 0
0 -17.203928 -13.196422 3.605658 0.708565 0.287984 0
0 -8.685902 -2.106676 4.002706 0.297322 0.340565 0
0 -17.250189 -13.288959 -5.381787 0.297393 0.287949 0
0 -6.007435 -6.819972 -5.481905 0.296623 0.340209 0
0 -17.203928 -13.196422 3.605658 0.709264 0.288339 0
0 -19.750732 -8.436664 -4.877159 0.296232 0.287897 0
0 -17.250189 -13.288959 -5.381787 0.295465 0.340147 0
0 -17.203928 -13.196422 3.605658 0.705529 0.340538 0
0 -8.658739 -2.010403 -4.984756 0.706226 0.340183 0
0 -19.750732 -8.436664 -4.877159 0.705599 0.287933 0
0 -8.685902 -2.106676 4.002706 0.296161 0.340502 0
0 -6.007435 -6.819972 -5.481905 0.297393 0.287949 0
0 -8.658739 -2.010403 -4.984756 0.296623 0.340209 0
0 -8.685902 -2.106676 4.002706 0.708494 0.340600 0
0 -6.108027 -6.779882 3.505542 0.709264 0.288339 0
0 -6.108027 -6.779882 3.505542 0.708494 0.340600 0
0 -17.203928 -13.196422 3.605658 0.295534 0.288253 0
0 -19.641537 -8.480490 4.110303 0.296161 0.340502 0
0 -19.750732 -8.436664 -4.877159 0.706226 0.340183 0
0 -19.641537 -8.480490 4.110303 0.295534 0.288253 0
0 -6.108027 -6.779882 3.505542 0.296692 0.288304 0
0 -2.379865 8.797188 3.938371 0.295999 0.287753 0
0 2.832851 8.713666 3.299895 0.295430 0.340255 0
0 -2.418494 21.077522 3.384889 0.706383 0.288044 0
0 2.854975 8.685307 -5.700852 0.705378 0.340614 0
0 2.689478 21.122646 -6.246605 0.706444 0.288365 0
0 2.832851 8.713666 3.299895 0.295316 0.340071 0
0 -2.417250 8.763023 -5.062391 0.299036 0.288128 0
0 2.854975 8.685307 -5.700852 0.298469 0.340101 0
0 2.832851 8.713666 3.299895 0.706866 0.340389 0
0 -2.631161 21.154053 -5.615874 0.296132 0.287948 0
0 -2.417250 8.763023 -5.062391 0.295563 0.340198 0
0 -2.418494 21.077522 3.384889 0.706197 0.288238 0
0 2.689478 21.122646 -6.246605 0.295999 0.287753 0
0 -2.631161 21.154053 -5.615874 0.295430 0.340255 0
0 -2.418494 21.077522 3.384889 0.705814 0.340546 0
0 -2.418494 21.077522 3.384889 0.296250 0.287626 0
0 2.605196 21.046358 2.754144 0.295183 0.340127 0
0 2.689478 21.122646 -6.246605 0.705563 0.340673 0
0 2.605196 21.046358 2.754144 0.296383 0.287821 0
0 -2.379865 8.797188 3.938371 0.707432 0.288416 0
0 -2.379865 8.797188 3.938371 0.705629 0.340487 0
0 2.605196 21.046358 2.754144 0.705814 0.340546 0
0 9.155264 -2.245779 4.517523 0.296613 0.288720 0
0 6.396229 -6.726106 4.094206 0.295411 0.339436 0
0 19.944069 -8.490713 5.013180 0.704532 0.289317 0
0 6.311228 -6.728215 -4.879380 0.296613 0.288720 0
0 17.147030 -13.040833 -4.373031 0.295411 0.339436 0
0 6.396229 -6.726106 4.094206 0.704532 0.289317 0
0 9.122709 -2.153481 -4.456079 0.296454 0.287785 0
0 6.311228 -6.728215 -4.879380 0.295246 0.340034 0
0 6.396229 -6.726106 4.094206 0.705306 0.340650 0
0 20.021652 -8.492821 -3.960422 0.296454 0.287785 0
0 9.122709 -2.153481 -4.456079 0.295246 0.340034 0
0 19.944069 -8.490713 5.013180 0.706514 0.288401 0
0 17.147030 -13.040833 -4.373031 0.296613 0.288720 0
0 20.021652 -8.492821 -3.960422 0.295411 0.339436 0
0 19.944069 -8.490713 5.013180 0.703330 0.340034 0
0 17.116653 -12.944319 4.600555 0.704532 0.289317 0
0 17.116653 -12.944319 4.600555 0.703330 0.340034 0
0 9.155264 -2.245779 4.517523 0.706514 0.288401 0
0 9.155264 -2.245779 4.517523 0.705306 0.340650 0
0 -19.704403 -8.438470 4.241993 0.463107 0.385587 0
0 -20.584328 -7.179372 3.353381 0.457652 0.383989 0
0 -20.835505 -9.068964 3.131989 0.469583 0.384782 0
0 -17.750822 -7.331884 4.224511 0.416157 0.385126 0
0 -20.584328 -7.179372 3.353381 0.452456 0.384340 0
0 -20.612949 -7.169582 -4.740960 0.478947 0.486726 0
0 -20.971163 -8.862119 -4.942562 0.493199 0.488060 0
0 -18.525492 -6.061883 3.329809 0.424151 0.384169 0
0 -18.518982 -6.036998 -4.764529 0.428764 0.487895 0
0 -20.612949 -7.169582 -4.740960 0.464243 0.486579 0
0 -17.224878 -13.199397 3.536575 0.544127 0.386211 0
0 -18.124958 -13.733110 2.340572 0.538120 0.385353 0
0 -16.545616 -14.564964 2.122156 0.553692 0.385289 0
0 -15.072457 -12.070518 3.513873 0.585373 0.385410 0
0 -16.545616 -14.564964 2.122156 0.548572 0.384424 0
0 -16.528028 -14.609579 -5.798687 0.527559 0.487481 0
0 -16.545616 -14.564964 2.122156 0.448279 0.490009 0
0 -14.352381 -13.415285 -5.815289 0.432305 0.383800 0
0 -14.377649 -13.394319 2.105652 0.420613 0.488594 0
0 -20.971163 -8.862119 -4.942562 0.478176 0.488078 0
0 -18.272194 -13.844843 -5.554074 0.539297 0.490568 0
0 -20.835505 -9.068964 3.131989 0.473339 0.383673 0
0 -19.704403 -8.438470 4.241993 0.469499 0.382996 0
0 -17.224878 -13.199397 3.536575 0.539952 0.384633 0
0 -18.525492 -6.061883 3.329809 0.423507 0.383325 0
0 -14.377649 -13.394319 2.105652 0.581438 0.384509 0
0 -14.352381 -13.415285 -5.815289 0.570907 0.488488 0
0 -17.750822 -7.331884 4.224511 0.412587 0.384146 0
0 -17.741846 -7.321898 -4.764528 0.406041 0.488481 0
0 -15.052008 -12.052549 -5.818215 0.596421 0.488354 0
0 -15.072457 -12.070518 3.513873 0.587258 0.381909 0
0 -18.124958 -13.733110 2.340572 0.533934 0.385456 0
0 -18.272194 -13.844843 -5.554074 0.512256 0.488084 0
0 -16.545616 -14.564964 2.122156 0.556454 0.382224 0
0 -16.528028 -14.609579 -5.798687 0.543266 0.488061 0
0 -20.584328 -7.179372 3.353381 0.449751 0.385313 0
0 2.650597 18.501049 4.213632 0.421466 0.383390 0
0 4.120770 20.876652 3.279193 0.457782 0.382828 0
0 2.686903 20.750992 4.202947 0.468401 0.384141 0
0 4.191410 20.897545 -4.816295 0.467055 0.485132 0
0 2.774759 22.041580 3.076856 0.462986 0.382509 0
0 4.120770 20.876652 3.279193 0.455053 0.383785 0
0 4.191410 20.897545 -4.816295 0.481754 0.485369 0
0 2.847599 22.055138 -4.998837 0.495972 0.486790 0
0 4.096144 18.537468 3.285938 0.429483 0.382483 0
0 4.135197 18.511841 -4.809546 0.431547 0.486230 0
0 -2.620127 20.891441 3.613261 0.549400 0.385262 0
0 -2.870134 22.011478 2.404967 0.543414 0.384367 0
0 -4.185509 20.944550 2.231723 0.558987 0.384399 0
0 -2.529474 18.443325 3.622760 0.590663 0.384715 0
0 -4.185509 20.944550 2.231723 0.561824 0.381351 0
0 -3.002905 22.014900 -5.488943 0.530344 0.486423 0
0 -4.259249 20.947128 -5.684609 0.546036 0.487099 0
0 -4.289417 18.441700 -5.673703 0.573665 0.487696 0
0 -4.216612 18.462364 2.247219 0.589429 0.383035 0
0 2.847599 22.055138 -4.998837 0.480950 0.486716 0
0 -3.002905 22.014900 -5.488943 0.542006 0.489582 0
0 2.774759 22.041580 3.076856 0.478680 0.382289 0
0 2.686903 20.750992 4.202947 0.474857 0.381589 0
0 -2.620127 20.891441 3.613261 0.545264 0.383658 0
0 4.096144 18.537468 3.285938 0.428860 0.381635 0
0 -4.216612 18.462364 2.247219 0.586750 0.383789 0
0 2.650597 18.501049 4.213632 0.417921 0.382389 0
0 2.599182 18.469128 -4.780352 0.408810 0.486676 0
0 -2.573494 18.415047 -5.540889 0.599180 0.487719 0
0 -2.529474 18.443325 3.622760 0.592634 0.381226 0
0 -2.870134 22.011478 2.404967 0.539226 0.384445 0
0 17.077085 -13.029217 4.212068 0.468401 0.384141 0
0 16.394613 -14.415192 3.318664 0.462986 0.382509 0
0 17.930113 -14.065652 3.133213 0.474897 0.383375 0
0 15.134375 -11.870886 4.251830 0.421466 0.383390 0
0 16.394613 -14.415192 3.318664 0.457782 0.382828 0
0 16.354738 -14.453884 -4.777956 0.481754 0.485369 0
0 17.940855 -14.078897 -4.943608 0.495972 0.486790 0
0 14.389765 -13.170083 3.354847 0.429483 0.382483 0
0 14.349882 -13.208779 -4.741766 0.431547 0.486230 0
0 16.354738 -14.453884 -4.777956 0.467055 0.485132 0
0 19.993666 -8.474704 3.506894 0.549400 0.385262 0
0 21.075281 -8.679029 2.233559 0.543414 0.384367 0
0 20.820353 -7.179656 2.092212 0.558987 0.384399 0
0 17.932215 -7.153377 3.546199 0.590663 0.384715 0
0 20.820353 -7.179656 2.092212 0.561824 0.381351 0
0 21.091208 -8.682490 -5.612141 0.530344 0.486423 0
0 20.850344 -7.152241 -5.826287 0.546036 0.487099 0
0 18.709219 -5.862655 -5.789104 0.573665 0.487696 0
0 18.714727 -5.865635 2.138557 0.589429 0.383035 0
0 17.940855 -14.078897 -4.943608 0.480950 0.486716 0
0 21.091208 -8.682490 -5.612141 0.542006 0.489582 0
0 17.930113 -14.065652 3.133213 0.478680 0.382289 0
0 17.077085 -13.029217 4.212068 0.474857 0.381589 0
0 19.993666 -8.474704 3.506894 0.545264 0.383658 0
0 14.389765 -13.170083 3.354847 0.428860 0.381635 0
0 18.714727 -5.865635 2.138557 0.586750 0.383789 0
0 15.134375 -11.870886 4.251830 0.417921 0.382389 0
0 15.125532 -11.854923 -4.752195 0.408810 0.486676 0
0 17.903135 -7.148686 -5.630912 0.599180 0.487719 0
0 17.932215 -7.153377 3.546199 0.592634 0.381226 0
0 21.075281 -8.679029 2.233559 0.539226 0.384445 0
0 21.075281 -8.679029 2.233559 0.553888 0.383502 0
0 16.394613 -14.415192 3.318664 0.455053 0.383785 0
94
0.055200 -0.078000 0.995400
0.498800 -0.866700 0.006400
-0.888500 -0.458800 0.009300
-0.501200 0.865300 0.007800
0.876100 0.482100 0.007800
0.875900 0.482400 0.007700
0.500600 -0.865600 0.009500
-0.887900 -0.459900 0.008500
-0.502800 0.864400 0.010300
0.053200 -0.076500 0.995600
0.122200 0.045100 0.991500
0.999900 0.013400 0.002400
-0.014400 -0.999900 0.003100
-0.999600 -0.016200 0.023500
0.006900 0.999900 0.008300
0.007300 0.999900 0.008500
0.999800 0.018900 0.009500
-0.015500 -0.999900 0.003900
-1.000000 -0.003000 0.004200
0.124700 0.046200 0.991100
-0.073900 -0.048600 0.996100
-0.503500 -0.864000 0.005000
-0.852300 0.523000 0.008000
0.502600 0.864500 0.004100
0.845000 -0.534800 0.007400
0.843800 -0.536500 0.008600
-0.502000 -0.864800 0.007600
-0.851800 0.523800 0.008500
0.500700 0.865600 0.007100
-0.073500 -0.045600 0.996200
-0.703300 0.010200 0.710800
-0.242000 0.440900 0.864300
-0.978400 0.206600 0.003700
-0.475700 0.879600 0.002300
-0.317500 -0.753800 0.575300
0.322000 -0.599100 0.733100
-0.465600 -0.885000 0.004000
0.475200 -0.879900 0.003800
-0.879200 -0.476500 0.002600
-0.527100 -0.386600 0.756700
0.853000 0.521900 0.002300
0.886100 0.463400 0.001600
0.855700 0.517500 0.001400
0.889600 0.456700 0.002800
-0.991400 0.129400 0.020000
-0.862600 -0.505300 0.023200
-0.399100 -0.916700 0.020400
-0.599000 -0.459400 0.655800
0.481200 -0.876600 0.006000
0.330100 -0.601000 0.727900
-0.477000 0.878900 0.002700
-0.238700 0.457800 0.856400
0.541900 -0.004800 0.840500
0.653700 0.756700 0.007700
0.652100 0.758100 0.007200
0.999700 -0.023500 0.004900
-0.537400 0.560200 0.630400
-0.662000 -0.021600 0.749200
-0.648200 0.761500 0.006300
-0.999900 0.012600 0.009200
-0.007000 1.000000 0.001600
-0.065900 0.658600 0.749600
0.027300 -0.999600 0.003300
-0.013500 -0.999900 0.002700
0.027900 -0.999600 0.003400
-0.015800 -0.999900 0.003200
-0.005400 1.000000 0.000500
-0.085600 0.721800 0.686800
-0.630800 0.775900 0.010900
-0.999900 0.012100 0.009300
-0.631800 0.012800 0.775100
0.401800 0.586400 0.703400
0.999900 -0.010500 0.008700
0.540200 -0.003300 0.841600
0.229800 -0.604700 0.762600
-0.243400 -0.438000 0.865400
0.230400 -0.973100 0.003500
-0.527500 -0.849500 0.006700
0.763200 0.188000 0.618100
0.375400 0.563900 0.735600
0.987700 0.156100 0.004300
0.529400 0.848400 -0.000000
0.863700 -0.504000 0.002000
0.608500 -0.274300 0.744700
-0.868200 0.496300 0.001900
-0.854200 0.519900 0.000800
-0.867700 0.497100 0.001700
-0.847100 0.531400 0.003000
0.222200 -0.975000 0.001900
0.702000 -0.302200 0.644800
0.985800 0.167800 0.001900
0.516000 0.856600 0.004900
0.373000 0.571900 0.730600
-0.259900 -0.443300 0.857900
96
0 0 1 2 0 0 0 1
0 3 4 5 1 1 1 1
0 6 7 8 2 2 2 1
0 9 10 11 3 3 3 1
0 12 13 14 4 4 4 1
0 14 15 12 5 5 5 1
0 5 4 16 6 6 6 1
0 17 18 19 7 7 7 1
0 11 10 20 8 8 8 1
0 2 1 21 9 9 9 1
0 22 23 24 10 10 10 1
0 25 26 27 11 11 11 1
0 28 29 30 12 12 12 1
0 31 32 33 13 13 13 1
0 34 35 36 14 14 14 1
0 37 38 39 15 15 15 1
0 27 26 40 16 16 16 1
0 30 41 28 17 17 17 1
0 33 32 42 18 18 18 1
0 24 23 43 19 19 19 1
0 44 45 46 20 20 20 1
0 47 48 49 21 21 21 1
0 50 51 52 22 22 22 1
0 53 54 55 23 23 23 1
0 56 57 58 24 24 24 1
0 58 59 56 25 25 25 1
0 49 48 60 26 26 26 1
0 52 61 50 27 27 27 1
0 55 54 62 28 28 28 1
0 46 45 60 29 29 29 1
0 63 64 65 30 30 30 1
0 66 67 63 31 31 31 1
0 68 69 64 32 32 32 1
0 70 71 72 33 33 33 1
0 73 74 75 34 34 34 1
0 73 75 76 35 35 35 1
0 77 74 78 36 36 36 1
0 79 80 81 37 37 37 1
0 82 83 84 38 38 38 1
0 85 84 86 39 39 39 1
0 66 71 87 40 40 40 1
0 88 89 76 41 41 41 1
0 90 91 71 42 42 42 1
0 89 92 93 43 43 43 1
0 64 69 65 44 44 44 1
0 84 83 94 45 45 45 1
0 78 74 95 46 46 46 1
0 86 84 94 47 47 47 1
0 89 96 97 48 48 48 1
0 76 75 88 49 49 49 1
0 72 98 70 50 50 50 1
0 67 66 87 51 51 51 1
0 99 100 101 52 52 52 1
0 102 103 104 53 53 53 1
0 105 106 103 54 54 54 1
0 107 108 102 55 55 55 1
0 109 110 111 56 56 56 1
0 109 111 112 57 57 57 1
0 113 114 115 58 58 58 1
0 113 116 117 59 59 59 1
0 118 119 120 60 60 60 1
0 121 120 122 61 61 61 1
0 99 108 123 62 62 62 1
0 124 116 112 63 63 63 1
0 125 126 108 64 64 64 1
0 116 127 128 65 65 65 1
0 120 119 129 66 66 66 1
0 122 120 129 67 67 67 1
0 114 113 110 68 68 68 1
0 116 113 115 69 69 69 1
0 112 111 124 70 70 70 1
0 103 101 100 71 71 71 1
0 102 104 107 72 72 72 1
0 100 99 123 73 73 73 1
0 130 131 132 74 74 74 1
0 133 134 130 75 75 75 1
0 135 136 131 76 76 76 1
0 137 138 139 77 77 77 1
0 140 141 142 78 78 78 1
0 140 142 143 79 79 79 1
0 144 145 146 80 80 80 1
0 144 147 148 81 81 81 1
0 149 150 151 82 82 82 1
0 152 151 153 83 83 83 1
0 133 138 154 84 84 84 1
0 155 147 143 85 85 85 1
0 156 157 138 86 86 86 1
0 147 158 159 87 87 87 1
0 131 136 132 88 88 88 1
0 151 150 160 82 82 82 1
0 153 151 160 89 89 89 1
0 145 144 161 90 90 90 1
0 147 144 146 91 91 91 1
0 143 142 155 92 92 92 1
0 139 162 137 77 77 77 1
0 134 133 154 93 93 93 1
"deco" 0 0
48
3 9.292181 -15.867658 -0.761164 0.740802 0.719896 -1
3 7.519421 -12.806694 3.221671 0.648026 0.681338 -1
3 0.000001 -14.843287 3.221671 0.511089 0.691853 -1
3 0.000002 -18.384392 -0.761164 0.514595 0.736195 -1
3 15.874759 -9.285083 -0.761164 0.902144 0.678875 -1
3 12.813796 -7.512323 3.221670 0.746042 0.657103 -1
3 18.391487 0.007096 -0.761165 0.961034 0.622192 -1
3 14.850385 0.007096 3.221670 0.783103 0.622621 -1
3 -12.813796 7.526515 3.221669 0.270004 0.590223 -1
3 -15.874759 9.299274 -0.761166 0.112828 0.568542 -1
3 -18.391487 0.007095 -0.761165 0.054568 0.625696 -1
3 -14.850385 0.007096 3.221670 0.233101 0.624921 -1
3 -7.519420 12.820889 3.221669 0.367769 0.565581 -1
3 -9.292179 15.881852 -0.761166 0.274135 0.526861 -1
3 0.000000 14.857480 3.221669 0.505621 0.555069 -1
3 -0.000000 18.398582 -0.761167 0.502997 0.510500 -1
3 12.813793 7.526515 3.221669 0.743355 0.588430 -1
3 15.874756 9.299274 -0.761166 0.898863 0.565182 -1
3 9.292178 15.881853 -0.761166 0.732180 0.524861 -1
3 7.519419 12.820891 3.221669 0.644869 0.564156 -1
3 -12.813791 -7.512325 3.221670 0.274264 0.659385 -1
3 -15.874754 -9.285086 -0.761164 0.119230 0.682965 -1
3 -9.292178 -15.867664 -0.761164 0.287005 0.722682 -1
3 -7.519419 -12.806702 3.221671 0.372638 0.683315 -1
3 14.725359 0.005334 3.021670 0.844855 0.873220 -1
3 12.705914 7.461449 3.021669 0.795911 0.829140 -1
3 10.767148 0.005331 0.522054 0.713686 0.872215 -1
3 9.275322 5.513394 0.522053 0.680138 0.844553 -1
3 7.456113 12.711251 3.021669 0.670886 0.798206 -1
3 5.508058 9.280658 0.522053 0.601620 0.825946 -1
3 -0.000000 14.730694 3.021669 0.494407 0.786454 -1
3 0.000001 10.772482 0.522053 0.489518 0.819090 -1
3 -7.456114 12.711249 3.021669 0.318531 0.798648 -1
3 -5.508060 9.280655 0.522053 0.379379 0.827313 -1
3 -12.705916 7.461449 3.021669 0.195605 0.829902 -1
3 -9.275325 5.513393 0.522053 0.305952 0.846809 -1
3 -14.725359 0.005334 3.021670 0.150126 0.873975 -1
3 -10.767148 0.005336 0.522054 0.280296 0.874681 -1
3 -12.705913 -7.450781 3.021670 0.200212 0.917679 -1
3 -9.275320 -5.502729 0.522054 0.315973 0.902053 -1
3 -7.456113 -12.700584 3.021670 0.323260 0.948363 -1
3 -5.508058 -9.269994 0.522054 0.392912 0.921034 -1
3 0.000001 -14.720024 3.021670 0.498275 0.960419 -1
3 -0.000003 -10.761813 0.522054 0.503881 0.928007 -1
3 7.456115 -12.700577 3.021670 0.674146 0.948521 -1
3 5.508062 -9.269985 0.522054 0.613422 0.919810 -1
3 12.705916 -7.450779 3.021670 0.797927 0.917383 -1
3 9.275324 -5.502724 0.522054 0.687025 0.900261 -1
34
0.374700 -0.647000 0.664000
-0.000000 -0.747300 0.664400
0.536600 -0.536600 0.651200
0.732500 -0.198400 0.651200
-0.732500 0.198400 0.651200
-0.536600 0.536600 0.651200
-0.374700 0.647000 0.664000
-0.000000 0.747300 0.664400
0.536600 0.536600 0.651200
0.732500 0.198400 0.651200
-0.732500 -0.198400 0.651200
-0.536600 -0.536600 0.651200
-0.198400 -0.732500 0.651200
0.198400 0.732500 0.651200
-0.533900 -0.000000 0.845500
-0.463400 -0.267700 0.844700
-0.462700 -0.269000 0.844700
-0.267700 -0.463400 0.844700
-0.269000 -0.462700 0.844700
-0.000000 -0.533900 0.845500
0.267700 -0.463400 0.844700
0.269000 -0.462700 0.844700
0.463400 -0.267700 0.844700
0.462700 -0.269000 0.844700
0.533900 -0.000000 0.845500
0.463400 0.267700 0.844700
0.462700 0.269000 0.844700
0.267700 0.463400 0.844700
0.269000 0.462700 0.844700
-0.000000 0.533900 0.845500
-0.267700 0.463400 0.844700
-0.269000 0.462700 0.844700
-0.463400 0.267700 0.844700
-0.462700 0.269000 0.844700
48
3 0 1 2 0 0 1 1
3 0 2 3 0 1 1 1
3 4 5 1 2 2 0 1
3 4 1 0 2 0 0 1
3 6 7 5 3 3 3 1
3 6 5 4 3 3 3 1
3 8 9 10 4 4 4 1
3 8 10 11 4 4 4 1
3 9 8 12 5 5 6 1
3 9 12 13 5 6 6 1
3 14 15 13 7 7 6 1
3 14 13 12 7 6 6 1
3 16 17 18 8 8 8 1
3 16 18 19 8 8 8 1
3 17 16 7 9 9 9 1
3 17 7 6 9 9 9 1
3 20 11 10 10 10 10 1
3 20 10 21 10 10 10 1
3 21 22 23 11 11 11 1
3 21 23 20 11 11 11 1
3 2 23 22 1 12 12 1
3 2 22 3 1 12 1 1
3 19 18 15 13 13 7 1
3 19 15 14 13 7 7 1
3 24 25 26 14 15 14 1
3 25 27 26 15 16 14 1
3 25 28 27 15 17 16 1
3 28 29 27 17 18 16 1
3 28 30 29 17 19 18 1
3 30 31 29 19 19 18 1
3 30 32 31 19 20 19 1
3 32 33 31 20 21 19 1
3 32 34 33 20 22 21 1
3 34 35 33 22 23 21 1
3 34 36 35 22 24 23 1
3 36 37 35 24 24 23 1
3 36 38 37 24 25 24 1
3 38 39 37 25 26 24 1
3 38 40 39 25 27 26 1
3 40 41 39 27 28 26 1
3 40 42 41 27 29 28 1
3 42 43 41 29 29 28 1
3 42 44 43 29 30 29 1
3 44 45 43 30 31 29 1
3 44 46 45 30 32 31 1
3 46 47 45 32 33 31 1
3 46 24 47 32 14 33 1
3 24 26 47 14 14 33 1
"ornate" 0 1
9
3 0.000000 -0.000000 -4.396461 0.500000 0.500000 -1
3 -7.622009 -0.000000 -4.396461 0.377844 0.550655 -1
3 -5.387808 -5.387808 -4.396461 0.449458 0.622156 -1
3 0.000000 -7.622009 -4.396461 0.550655 0.622156 -1
3 5.387808 -5.387808 -4.396461 0.622156 0.550542 -1
3 7.622009 -0.000000 -4.396461 0.622156 0.449345 -1
3 5.387808 5.387808 -4.396462 0.550542 0.377844 -1
3 0.000000 7.622009 -4.396462 0.449345 0.377844 -1
3 -5.387808 5.387808 -4.396462 0.377844 0.449458 -1
1
-0.000000 -0.000000 1.000000
8
3 0 1 2 0 0 0 1
3 0 2 3 0 0 0 1
3 0 3 4 0 0 0 1
3 0 4 5 0 0 0 1
3 0 5 6 0 0 0 1
3 0 6 7 0 0 0 1
3 0 7 8 0 0 0 1
3 0 8 1 0 0 0 1


Materials: 2
"default"
1.000000 1.000000 1.000000 1.000000
0.800000 0.800000 0.800000 1.000000
0.000000 0.000000 0.000000 1.000000
0.000000 0.000000 0.000000 1.000000
0.192000
1.000000
"_mine tex.png"
""
"ornate"
0.000000 0.000000 0.000000 1.000000
1.000000 1.000000 1.000000 1.000000
1.000000 1.000000 1.000000 1.000000
0.000000 0.000000 0.000000 1.000000
0.000000
1.000000
"_mine ornate.png"
""

Bones: 1
"joint1"
""
0 0 0 0 0 0 0
2
1.000000 0.000000 0.000000 0.000000
120.000000 0.000000 0.000000 0.000000
3
1.000000 0.000000 0.000000 0.000000
60.000000 0.000000 0.000000 -3.1
120.000000 0.000000 0.000000 -6.2

GroupComments: 0
MaterialComments: 0
BoneComments: 0
ModelComment: 0
