// MilkShape 3D ASCII

Frames: 30
Frame: 1

Meshes: 2
"inkblack arrow mesh border of life" 0 0
106
3 0.000000 -5.137908 0.000000 0.000000 1.000000 -1
3 -9.660185 4.522276 -0.000000 1.000000 1.000000 -1
3 -11.510276 6.948467 -0.000000 1.000000 0.000000 -1
3 0.000846 -7.709101 0.000002 0.000000 0.000000 -1
3 9.660185 4.522276 -0.000000 0.000000 1.000000 -1
3 0.000000 -5.137908 0.000000 1.000000 1.000000 -1
3 0.000846 -7.709101 0.000002 1.000000 0.000000 -1
3 11.511969 6.948467 -0.000000 0.000000 0.000000 -1
3 -11.808359 3.167025 -0.000638 0.000000 1.000000 -1
3 0.000000 -8.641335 0.000690 1.000000 1.000000 -1
3 -11.510276 6.948467 -0.000000 0.000000 0.000000 -1
3 0.000000 -8.641335 0.000690 0.000000 1.000000 -1
3 11.808358 3.167025 0.001322 1.000000 1.000000 -1
3 11.511969 6.948467 -0.000000 1.000000 0.000000 -1
3 -8.816691 30.358658 -0.000008 0.999451 1.000549 -1
3 -10.627589 32.821732 -0.000008 1.000549 0.000549 -1
3 -11.251744 32.563202 -0.000008 0.000549 -0.000549 -1
3 -9.413133 30.111605 -0.000008 -0.000549 0.999451 -1
3 -9.413133 30.111605 -0.000008 0.999451 1.000549 -1
3 -11.251744 32.563202 -0.000008 1.000549 0.000549 -1
3 -11.510276 31.939047 -0.000008 0.000549 -0.000549 -1
3 -9.660185 29.515165 -0.000008 -0.000549 0.999451 -1
3 -9.660185 4.522276 -0.000000 0.000000 1.000000 -1
3 -9.660185 29.515165 -0.000008 1.000000 1.000000 -1
3 -11.510276 31.939047 -0.000008 1.000000 0.000000 -1
3 -8.816691 30.358658 -0.000008 0.000000 1.000000 -1
3 0.000000 30.358658 -0.000008 1.000000 1.000000 -1
3 0.000846 32.821732 -0.000008 1.000000 0.000000 -1
3 -10.627589 32.821732 -0.000008 0.000000 0.000000 -1
3 10.629295 32.821732 -0.000008 0.001833 -0.001826 -1
3 8.710303 30.358658 -0.000008 -0.001826 0.998167 -1
3 9.381970 30.080444 -0.000008 0.998167 1.001826 -1
3 11.253428 32.530594 -0.000008 1.001826 0.001833 -1
3 11.253428 32.530594 -0.000008 0.001833 -0.001826 -1
3 9.381970 30.080444 -0.000008 -0.001826 0.998167 -1
3 9.660185 29.408775 -0.000008 0.998167 1.001826 -1
3 11.511969 31.939068 -0.000008 1.001826 0.001833 -1
3 9.660185 29.408775 -0.000008 0.000000 1.000000 -1
3 9.660185 4.522276 -0.000000 1.000000 1.000000 -1
3 11.511969 31.939068 -0.000008 0.000000 0.000000 -1
3 0.000000 30.358658 -0.000008 0.000000 1.000000 -1
3 8.710303 30.358658 -0.000008 1.000000 1.000000 -1
3 10.629295 32.821732 -0.000008 1.000000 0.000000 -1
3 0.000846 32.821732 -0.000008 0.000000 0.000000 -1
3 17.845266 12.816108 0.008903 0.001833 -0.001826 -1
3 18.107325 9.593791 0.009567 -0.001826 0.998167 -1
3 18.728676 9.856913 0.011071 0.998167 1.001826 -1
3 18.495491 13.091455 0.010303 1.001826 0.001833 -1
3 18.495491 13.091455 0.010303 0.001833 -0.001826 -1
3 18.728676 9.856913 0.011071 -0.001826 0.998167 -1
3 19.351349 9.596938 0.013554 0.998167 1.001826 -1
3 19.147097 12.819401 0.012584 1.001826 0.001833 -1
3 11.808358 3.167025 0.001322 0.000000 1.000000 -1
3 18.107325 9.593791 0.009567 1.000000 1.000000 -1
3 17.845266 12.816108 0.008903 1.000000 0.000000 -1
3 -19.114504 12.850600 -0.000003 0.001833 -0.001826 -1
3 -19.321814 9.626741 0.000752 -0.001826 0.998167 -1
3 -18.728626 9.874414 0.000671 0.998167 1.001826 -1
3 -18.493755 13.109779 -0.000004 1.001826 0.001833 -1
3 -18.493755 13.109779 -0.000004 0.001833 -0.001826 -1
3 -18.728626 9.874414 0.000671 -0.001826 0.998167 -1
3 -18.136694 9.623753 0.000571 0.998167 1.001826 -1
3 -17.874317 12.847473 -0.000003 1.001826 0.001833 -1
3 -18.136694 9.623753 0.000571 0.000000 1.000000 -1
3 -11.808359 3.167025 -0.000638 1.000000 1.000000 -1
3 -17.874317 12.847473 -0.000003 0.000000 0.000000 -1
3 -31.977991 -2.259821 0.000001 0.001833 -0.001826 -1
3 -28.954491 -1.821586 0.001868 -0.001826 0.998167 -1
3 -29.309786 -0.965029 0.001893 0.998167 1.001826 -1
3 -32.349792 -1.363462 0.000000 1.001826 0.001833 -1
3 -32.349792 -1.363462 0.000000 0.001833 -0.001826 -1
3 -29.309786 -0.965029 0.001893 -0.001826 0.998167 -1
3 -28.958536 -0.106803 0.001847 0.998167 1.001826 -1
3 -31.982225 -0.465359 0.000000 1.001826 0.001833 -1
3 -28.958536 -0.106803 0.001847 0.000000 1.000000 -1
3 -19.321814 9.626741 0.000752 1.000000 1.000000 -1
3 -19.114504 12.850600 -0.000003 1.000000 0.000000 -1
3 -31.982225 -0.465359 0.000000 0.000000 0.000000 -1
3 -1.023354 -29.768257 -0.000589 0.999451 1.000549 -1
3 -1.070064 -33.184944 0.000010 1.000549 0.000549 -1
3 0.000847 -33.628773 0.000667 0.000549 -0.000549 -1
3 0.000006 -30.192383 0.000026 -0.000549 0.999451 -1
3 0.000006 -30.192383 0.000026 0.999451 1.000549 -1
3 0.000847 -33.628773 0.000667 1.000549 0.000549 -1
3 1.071759 -33.184948 0.002250 0.000549 -0.000549 -1
3 1.023367 -29.768261 0.001638 -0.000549 0.999451 -1
3 -1.023354 -29.768257 -0.000589 0.000000 1.000000 -1
3 -28.954491 -1.821586 0.001868 1.000000 1.000000 -1
3 -31.977991 -2.259821 0.000001 1.000000 0.000000 -1
3 -1.070064 -33.184944 0.000010 0.000000 0.000000 -1
3 28.777922 -1.998458 0.064468 1.000232 0.999768 -1
3 31.794924 -2.444906 0.066492 0.999768 -0.000232 -1
3 32.243610 -1.363211 0.066688 -0.000232 0.000232 -1
3 29.206688 -0.964795 0.064588 0.000232 1.000232 -1
3 29.206688 -0.964795 0.064588 1.000232 0.999768 -1
3 32.243610 -1.363211 0.066688 0.999768 -0.000232 -1
3 31.800037 -0.279417 0.063970 -0.000232 0.000232 -1
3 28.782810 0.070875 0.061575 0.000232 1.000232 -1
3 28.777922 -1.998458 0.064468 0.000000 1.000000 -1
3 1.023367 -29.768261 0.001638 1.000000 1.000000 -1
3 1.071759 -33.184948 0.002250 1.000000 0.000000 -1
3 31.794924 -2.444906 0.066492 0.000000 0.000000 -1
3 19.351349 9.596938 0.013554 0.000000 1.000000 -1
3 28.782810 0.070875 0.061575 1.000000 1.000000 -1
3 31.800037 -0.279417 0.063970 1.000000 0.000000 -1
3 19.147097 12.819401 0.012584 0.000000 0.000000 -1
30
-0.000000 -0.000000 1.000000
-0.000200 0.000200 1.000000
-0.000700 0.000100 1.000000
-0.000300 0.000200 1.000000
-0.000800 0.000300 1.000000
-0.002000 0.000100 1.000000
-0.001800 0.000100 1.000000
-0.003000 -0.000000 1.000000
-0.002900 0.001300 1.000000
-0.003400 0.000500 1.000000
-0.000100 0.000300 1.000000
-0.000300 0.000400 1.000000
0.000100 0.000200 1.000000
0.000100 0.000100 1.000000
-0.000400 -0.000200 1.000000
-0.000300 -0.000200 1.000000
-0.000600 -0.000000 1.000000
-0.000500 0.000400 1.000000
-0.000600 0.000300 1.000000
-0.000300 -0.000100 1.000000
-0.000400 0.000100 1.000000
-0.001100 0.000200 1.000000
-0.001600 -0.000000 1.000000
-0.001600 -0.000300 1.000000
-0.001200 -0.000300 1.000000
-0.001000 -0.000100 1.000000
-0.000600 0.001200 1.000000
-0.000500 0.001400 1.000000
-0.000900 0.002400 1.000000
-0.001900 0.002100 1.000000
56
3 0 1 2 0 0 0 1
3 0 2 3 0 0 1 1
3 4 5 6 0 0 1 1
3 4 6 7 0 1 2 1
3 8 9 6 0 3 1 1
3 8 6 10 0 1 0 1
3 11 12 13 3 4 2 1
3 11 13 3 3 2 1 1
3 14 15 16 0 0 0 1
3 14 16 17 0 0 0 1
3 18 19 20 0 0 0 1
3 18 20 21 0 0 0 1
3 22 23 24 0 0 0 1
3 22 24 10 0 0 0 1
3 25 26 27 0 0 0 1
3 25 27 28 0 0 0 1
3 29 30 31 0 0 0 1
3 29 31 32 0 0 0 1
3 33 34 35 0 0 0 1
3 33 35 36 0 0 0 1
3 37 38 13 0 0 2 1
3 37 13 39 0 2 0 1
3 40 41 42 0 0 0 1
3 40 42 43 0 0 0 1
3 44 45 46 5 6 7 1
3 44 46 47 5 7 7 1
3 48 49 50 7 7 8 1
3 48 50 51 7 8 9 1
3 52 53 54 4 6 5 1
3 52 54 7 4 5 2 1
3 55 56 57 10 11 12 1
3 55 57 58 10 12 12 1
3 59 60 61 12 12 13 1
3 59 61 62 12 13 13 1
3 63 64 2 13 0 0 1
3 63 2 65 13 0 13 1
3 66 67 68 14 15 16 1
3 66 68 69 14 16 16 1
3 70 71 72 16 16 17 1
3 70 72 73 16 17 18 1
3 74 75 76 17 11 10 1
3 74 76 77 17 10 18 1
3 78 79 80 19 20 21 1
3 78 80 81 19 21 21 1
3 82 83 84 21 21 22 1
3 82 84 85 21 22 23 1
3 86 87 88 19 15 14 1
3 86 88 89 19 14 20 1
3 90 91 92 24 25 26 1
3 90 92 93 24 26 27 1
3 94 95 96 27 26 28 1
3 94 96 97 27 28 29 1
3 98 99 100 24 23 22 1
3 98 100 101 24 22 25 1
3 102 103 104 8 29 28 1
3 102 104 105 8 28 9 1
"default" 0 1
131
1 -18.500000 10.500000 -0.000000 0.430226 0.582167 -1
1 -30.000000 -1.000000 2.259127 0.363815 0.768769 -1
1 -18.500000 10.500000 2.279908 0.416299 0.636343 -1
1 0.000000 -31.000000 0.000003 0.325438 0.788227 -1
1 30.000000 -1.000000 0.000000 0.441874 0.999499 -1
1 30.000000 -1.000000 2.322359 0.463369 0.947195 -1
1 30.000000 -1.000000 0.000000 0.582045 0.642062 -1
1 18.500000 10.500000 -0.000000 0.630789 0.765137 -1
1 30.000000 -1.000000 2.322359 0.603540 0.589759 -1
1 0.000000 -8.000000 2.292477 0.490903 0.730841 -1
1 0.000000 -8.000000 0.000001 0.510132 0.619339 -1
1 10.000000 30.500000 2.307609 0.488384 0.739345 -1
1 10.000000 30.500000 0.085503 0.513800 0.773313 -1
1 -10.000000 30.500000 0.085503 0.584641 0.760198 -1
1 -10.000000 30.500000 2.307609 0.606070 0.701153 -1
1 -10.000000 4.000000 2.307611 0.624279 0.981320 -1
1 -10.000000 4.000000 0.085505 0.588343 0.925889 -1
1 0.000000 -5.686499 2.307612 0.547809 0.970278 -1
1 -8.870457 29.370457 2.307609 0.586102 0.690893 -1
1 8.870457 29.370457 2.307609 0.460659 0.689394 -1
1 10.000000 30.500000 2.307609 0.452305 0.723109 -1
1 8.870457 29.370457 2.307609 0.581676 0.730327 -1
1 10.000000 4.000000 2.307611 0.588720 0.965443 -1
1 10.000000 30.500000 2.307609 0.589362 0.719934 -1
1 -8.870456 4.478444 2.307611 0.460788 0.959767 -1
1 -8.870457 29.370457 2.307609 0.460846 0.733251 -1
1 -10.000000 4.000000 2.307611 0.452503 0.968740 -1
1 0.000000 -4.113923 2.307612 0.530037 0.969970 -1
1 0.000000 -5.686499 2.307612 0.531470 0.973486 -1
1 8.870456 4.478444 2.307611 0.581618 0.956843 -1
1 -6.503583 27.391262 7.455307 0.272110 0.527080 -1
1 6.503583 27.391262 7.455307 0.268869 0.510166 -1
1 -8.870457 29.370457 2.307609 0.273437 0.523137 -1
1 6.503582 5.868664 7.455309 0.268366 0.512599 -1
1 8.870457 29.370457 2.307609 0.267429 0.506360 -1
1 -6.503582 5.868664 7.455309 0.272343 0.511853 -1
1 -8.870456 4.478444 2.307611 0.270493 0.519082 -1
1 0.000000 -0.818709 7.455309 0.270586 0.506394 -1
1 0.000000 -4.113923 2.307612 0.268765 0.510018 -1
1 8.870456 4.478444 2.307611 0.266693 0.508191 -1
1 28.310608 -1.000000 2.319308 0.606029 0.806305 -1
1 0.000000 -31.000000 2.317939 0.462103 0.977098 -1
1 30.000000 -1.000000 2.322359 0.608268 0.816098 -1
1 0.000000 -9.689392 2.332744 0.461970 0.793428 -1
1 18.500000 8.810608 2.312293 0.613719 0.690601 -1
1 18.500000 10.500000 2.345506 0.617293 0.645863 -1
1 0.000000 -29.310608 2.339880 0.453992 0.953799 -1
1 -28.310608 -1.000000 2.259127 0.348008 0.840511 -1
1 -18.500000 8.810608 2.310674 0.354798 0.685841 -1
1 -18.500000 10.500000 2.279908 0.344511 0.672158 -1
1 -30.000000 -1.000000 2.259127 0.338993 0.850170 -1
1 24.720331 -1.000000 7.487533 0.279398 0.347905 -1
1 0.000000 -29.310608 2.339880 0.276726 0.348823 -1
1 28.310608 -1.000000 2.319308 0.277213 0.345316 -1
1 0.000000 -13.279669 7.484843 0.281201 0.342707 -1
1 18.500000 5.220332 7.441940 0.281124 0.352169 -1
1 18.500000 8.810608 2.312293 0.277304 0.346462 -1
1 0.000000 -25.720331 7.427505 0.275458 0.344814 -1
1 -24.720331 -1.000000 7.441199 0.279716 0.337753 -1
1 -18.500000 5.220332 7.459397 0.279654 0.337132 -1
1 -18.500000 8.810608 2.310674 0.278661 0.338274 -1
1 -28.310608 -1.000000 2.259127 0.277951 0.340285 -1
1 0.000000 -25.720331 7.407851 0.275458 0.344814 -1
1 -24.720331 -1.000000 7.407849 0.279716 0.337753 -1
1 18.500000 5.220332 7.395281 0.281124 0.352169 -1
1 24.720331 -1.000000 7.407849 0.279398 0.347905 -1
1 0.000000 -9.689392 2.332744 0.279712 0.346235 -1
1 0.000000 -8.000000 2.292477 0.469845 0.740360 -1
1 0.000000 -13.279669 7.407850 0.281201 0.342707 -1
1 -18.500000 5.220332 7.407849 0.279654 0.337132 -1
1 -30.000000 -1.000000 2.259127 0.583416 0.740735 -1
1 0.000000 -31.000000 0.000003 0.543872 0.998484 -1
1 0.000000 -31.000000 2.317939 0.470812 0.941342 -1
1 0.000000 -31.000000 2.317939 0.366851 0.759120 -1
1 18.500000 10.500000 2.345506 0.640609 0.634387 -1
1 -10.000000 30.500000 2.307609 0.453146 0.723231 -1
1 -10.000000 30.500000 2.307609 0.593378 0.720573 -1
1 10.000000 4.000000 2.307611 0.492220 0.976343 -1
1 0.000000 -5.686500 2.393117 0.549233 0.952970 -1
1 10.000000 4.000000 2.307611 0.513269 0.935552 -1
1 -30.000000 -1.000000 2.259127 0.624361 0.768023 -1
1 -30.000000 -1.000000 0.000000 0.624361 0.768023 -1
1 0.000000 -5.686500 0.085506 0.549233 0.952970 -1
1 10.000000 4.000000 0.085505 0.513269 0.935552 -1
1 -30.000000 -1.000000 2.259127 0.352587 0.750530 -1
1 -18.500000 10.500000 -0.000000 0.429547 0.570240 -1
1 -30.000000 -1.000000 0.000000 0.352587 0.750530 -1
1 -6.503583 27.391262 2.340352 0.272110 0.527080 -1
1 -6.503582 5.868663 2.340353 0.272343 0.511853 -1
1 -24.720331 -1.000000 2.280326 0.279716 0.337753 -1
1 0.000000 -25.720331 2.280328 0.275458 0.344814 -1
1 -18.500000 5.220332 2.280326 0.279654 0.337132 -1
1 0.000000 -13.279669 2.280327 0.281201 0.342707 -1
1 18.500000 5.220332 2.280326 0.281124 0.352169 -1
1 6.503582 5.868663 2.340353 0.268366 0.512599 -1
1 6.503583 27.391262 2.340352 0.268869 0.510166 -1
1 0.000000 -0.818710 2.340354 0.270586 0.506394 -1
1 24.720331 -1.000000 2.280326 0.279398 0.347905 -1
1 6.503582 5.868663 7.455311 0.880370 0.930368 -1
1 4.965323 25.853003 7.455309 0.861388 0.686596 -1
1 4.965322 6.493313 7.455311 0.861573 0.917474 -1
1 -6.503582 5.868663 7.455311 0.713028 0.932707 -1
1 -4.965323 25.853003 7.455309 0.733627 0.688382 -1
1 -6.503583 27.391262 7.455309 0.713848 0.670162 -1
1 4.965323 25.853003 7.455309 0.096146 0.716822 -1
1 -4.965323 25.853003 7.455309 0.157497 0.713763 -1
1 0.000000 1.387670 7.455311 0.126809 0.978182 -1
1 4.965322 6.493313 7.455311 0.096081 0.898083 -1
1 0.000000 1.387670 7.455311 0.803738 0.944924 -1
1 0.000000 -0.818710 7.455311 0.806263 0.956899 -1
1 -4.965322 6.493313 7.455311 0.733811 0.919260 -1
1 6.503583 27.391262 7.455309 0.881190 0.667823 -1
1 -4.965322 6.493313 7.455311 0.157431 0.895025 -1
1 23.176155 -1.000000 7.425493 0.220859 0.823120 -1
1 18.500000 3.676156 7.488472 0.220819 0.717322 -1
1 0.000000 -24.176155 7.544031 0.125364 0.884333 -1
1 23.176155 -1.000000 7.425493 0.955775 0.823806 -1
1 0.000000 -25.720331 7.471114 0.840901 0.967452 -1
1 24.720331 -1.000000 7.434952 0.965537 0.834056 -1
1 0.000000 -14.823844 7.515293 0.845584 0.854631 -1
1 18.500000 3.676156 7.488472 0.959880 0.732294 -1
1 18.500000 5.220332 7.480211 0.968580 0.714052 -1
1 0.000000 -24.176155 7.544031 0.843160 0.957257 -1
1 -23.176155 -1.000000 7.508109 0.742229 0.835860 -1
1 -18.500000 3.676156 7.468237 0.743933 0.754793 -1
1 -18.500000 5.220332 7.427288 0.732670 0.736966 -1
1 -24.720331 -1.000000 7.449560 0.732953 0.851644 -1
1 0.000000 -14.823844 7.515293 0.124157 0.783232 -1
1 -18.500000 3.676156 7.468237 0.030176 0.726817 -1
1 -23.176155 -1.000000 7.508109 0.029782 0.815773 -1
1 0.000000 -13.279669 7.438784 0.846376 0.804951 -1
62
-0.707100 0.707100 -0.000000
0.707100 -0.707100 -0.000000
0.707100 0.707100 -0.000000
-0.000000 1.000000 -0.000000
-1.000000 -0.000000 -0.000000
-0.695800 -0.718300 -0.000000
-0.000000 -0.000000 1.000000
-0.000000 0.933400 0.358900
0.908600 -0.000000 0.417800
-0.908600 -0.000000 0.417800
-0.654700 -0.636700 0.407500
0.618800 -0.638900 0.457100
-0.001800 0.001700 1.000000
0.020800 -0.019700 0.999600
-0.015800 -0.013000 0.999800
0.017000 0.018200 0.999700
-0.017600 -0.019700 0.999700
-0.000000 -0.001800 1.000000
0.634800 -0.634500 0.441000
-0.633100 0.634200 0.443800
-0.632600 -0.632800 0.446600
0.633800 0.634400 0.442400
0.633600 0.633900 0.443600
-0.635900 0.633600 0.440600
-0.707100 -0.707100 -0.000000
0.634000 0.634500 0.442200
0.023100 0.023800 0.999400
-0.635000 0.633700 0.441900
-0.023500 0.018200 0.999600
-0.026700 0.023800 0.999400
-0.634000 0.634500 0.442100
-0.000000 0.002000 1.000000
-0.635500 -0.634200 0.440300
0.632100 -0.633100 0.446800
0.013700 -0.013000 0.999800
-0.001800 -0.001100 1.000000
0.633400 0.636600 0.440000
0.654700 -0.636700 0.407500
-0.618800 -0.638900 0.457100
1.000000 -0.000000 -0.000000
0.695800 0.718300 -0.000000
-0.695800 0.718300 -0.000000
0.695800 -0.718300 -0.000000
0.716900 -0.697200 -0.000000
-0.000000 -1.000000 -0.000000
-0.716900 -0.697200 -0.000000
0.009300 -0.004200 0.999900
-0.006100 0.007600 1.000000
-0.003900 0.005300 1.000000
-0.048700 -0.047100 0.997700
0.024000 0.026500 0.999400
0.012600 0.005300 0.999900
-0.037900 0.041400 0.998400
0.000500 0.003100 1.000000
-0.001600 0.003100 1.000000
0.003500 0.005000 1.000000
0.052200 -0.047100 0.997500
0.048800 0.049400 0.997600
-0.018000 0.026500 0.999500
-0.051700 0.049400 0.997400
-0.006100 -0.019600 0.999800
-0.037900 -0.037000 0.998600
131
1 0 1 2 0 0 0 1
1 3 4 5 1 1 1 1
1 6 7 8 2 2 2 1
1 9 10 0 2 2 2 1
1 11 12 13 3 3 3 1
1 14 13 15 4 4 4 1
1 15 16 17 5 5 5 1
1 18 19 20 6 6 6 1
1 21 22 23 6 6 6 1
1 24 25 26 6 6 6 1
1 27 26 28 6 6 6 1
1 29 27 22 6 6 6 1
1 30 31 32 7 7 7 1
1 31 33 34 8 8 8 1
1 35 32 36 9 9 9 1
1 37 35 38 10 10 10 1
1 33 38 39 11 11 11 1
1 40 41 42 12 12 12 1
1 43 44 45 13 13 13 1
1 46 47 41 14 14 14 1
1 48 43 49 15 15 15 1
1 44 42 45 16 16 16 1
1 47 49 50 17 17 17 1
1 51 52 53 18 18 18 1
1 54 55 56 19 19 19 1
1 57 58 52 20 20 20 1
1 59 54 60 21 21 21 1
1 55 53 56 22 22 22 1
1 58 60 61 23 23 23 1
1 58 57 62 2 2 2 1
1 58 62 63 2 2 2 1
1 51 55 64 24 24 24 1
1 51 64 65 24 24 24 1
1 60 54 66 25 25 25 1
1 49 43 67 26 26 26 1
1 55 54 68 1 1 1 1
1 55 68 64 1 1 1 1
1 60 58 59 27 27 27 1
1 49 47 48 28 28 28 1
1 45 67 43 29 29 29 1
1 56 66 54 30 30 30 1
1 54 59 69 24 24 24 1
1 54 69 68 24 24 24 1
1 41 47 50 31 31 31 1
1 52 58 61 32 32 32 1
1 52 51 57 33 33 33 1
1 41 40 46 34 34 34 1
1 42 44 40 35 35 35 1
1 53 55 51 36 36 36 1
1 59 58 63 1 1 1 1
1 59 63 69 1 1 1 1
1 57 51 65 0 0 0 1
1 57 65 62 0 0 0 1
1 70 71 72 24 24 24 1
1 5 73 3 1 1 1 1
1 8 7 74 2 2 2 1
1 9 0 2 2 2 2 1
1 32 35 30 9 9 9 1
1 26 25 75 6 6 6 1
1 34 33 39 8 8 8 1
1 22 21 29 6 6 6 1
1 38 33 37 37 37 37 1
1 38 35 36 38 38 38 1
1 26 27 24 6 6 6 1
1 22 27 28 6 6 6 1
1 20 76 18 6 6 6 1
1 32 31 34 7 7 7 1
1 15 13 16 4 4 4 1
1 13 14 11 3 3 3 1
1 12 11 77 39 39 39 1
1 17 16 78 40 40 40 1
1 79 17 78 41 41 41 1
1 78 16 78 6 6 6 1
1 79 78 78 6 6 6 1
1 80 81 71 24 24 24 1
1 79 78 82 42 42 42 1
1 79 82 83 42 42 42 1
1 12 79 83 39 39 39 1
1 78 16 82 5 5 5 1
1 84 85 86 0 0 0 1
1 30 87 88 4 4 4 1
1 30 88 35 4 4 4 1
1 63 89 90 24 24 24 1
1 63 90 62 24 24 24 1
1 69 63 89 1 1 1 1
1 69 89 91 1 1 1 1
1 64 68 92 1 1 1 1
1 64 92 93 1 1 1 1
1 33 94 95 39 39 39 1
1 33 95 31 39 39 39 1
1 37 96 94 43 43 43 1
1 37 94 33 43 43 43 1
1 65 64 93 24 24 24 1
1 65 93 97 24 24 24 1
1 31 30 87 44 44 44 1
1 31 87 95 44 44 44 1
1 62 65 97 0 0 0 1
1 62 97 90 0 0 0 1
1 35 88 96 45 45 45 1
1 35 96 37 45 45 45 1
1 68 69 91 24 24 24 1
1 68 91 92 24 24 24 1
1 98 99 100 6 6 6 1
1 101 102 103 6 6 6 1
1 104 105 106 6 6 6 1
1 106 107 104 6 6 6 1
1 100 108 98 6 6 6 1
1 108 101 109 6 6 6 1
1 110 102 101 6 6 6 1
1 99 98 111 6 6 6 1
1 102 99 111 6 6 6 1
1 105 112 106 6 6 6 1
1 101 108 110 6 6 6 1
1 98 108 109 6 6 6 1
1 111 103 102 6 6 6 1
1 113 114 115 46 46 46 1
1 116 117 118 47 47 47 1
1 119 120 121 48 48 48 1
1 122 123 117 49 49 49 1
1 124 119 125 50 50 50 1
1 120 118 121 51 51 51 1
1 123 125 126 52 52 52 1
1 115 127 128 53 53 53 1
1 115 114 127 54 54 54 1
1 128 129 115 55 55 55 1
1 117 116 122 56 56 56 1
1 125 119 130 57 57 57 1
1 125 123 124 58 58 58 1
1 121 130 119 59 59 59 1
1 118 120 116 60 60 60 1
1 117 123 126 61 61 61 1

Materials: 2
"outline"
1.000000 1.000000 1.000000 1.000000
0.800000 0.800000 0.800000 1.000000
0.500000 0.500000 0.500000 1.000000
0.000000 0.000000 0.000000 1.000000
0.192000
1.000000
"border_of_life.png"
""
"Material01"
0.200000 0.200000 0.200000 1.000000
0.800000 0.800000 0.800000 1.000000
0.000000 0.000000 0.000000 1.000000
0.000000 0.000000 0.000000 1.000000
0.000000
1.000000
"texcher_4th.png"
""

Bones: 0
GroupComments: 0
MaterialComments: 0
BoneComments: 0
ModelComment: 0
