// MilkShape 3D ASCII

Frames: 30
Frame: 1

Meshes: 3
"inkblack arrow mesh border of life" 0 0
106
3 0.000000 -5.137908 0.000000 0.000000 1.000000 -1
3 -9.660185 4.522276 -0.000000 1.000000 1.000000 -1
3 -11.510276 6.948467 -0.000000 1.000000 0.000000 -1
3 0.000846 -7.709101 -0.000000 0.000000 0.000000 -1
3 9.660185 4.522276 -0.000000 0.000000 1.000000 -1
3 0.000000 -5.137908 0.000000 1.000000 1.000000 -1
3 0.000846 -7.709101 -0.000000 1.000000 0.000000 -1
3 11.511969 6.948467 -0.000000 0.000000 0.000000 -1
3 -11.808359 3.167025 -0.000000 0.000000 1.000000 -1
3 0.000000 -8.641335 0.000000 1.000000 1.000000 -1
3 -11.510276 6.948467 -0.000000 0.000000 0.000000 -1
3 0.000000 -8.641335 0.000000 0.000000 1.000000 -1
3 11.808358 3.167025 -0.000000 1.000000 1.000000 -1
3 11.511969 6.948467 -0.000000 1.000000 0.000000 -1
3 -8.816691 30.358658 -0.000000 0.999451 1.000549 -1
3 -10.627589 32.821732 -0.000000 1.000549 0.000549 -1
3 -11.251744 32.563202 -0.000000 0.000549 -0.000549 -1
3 -9.413133 30.111605 -0.000000 -0.000549 0.999451 -1
3 -9.413133 30.111605 -0.000000 0.999451 1.000549 -1
3 -11.251744 32.563202 -0.000000 1.000549 0.000549 -1
3 -11.510276 31.939047 -0.000000 0.000549 -0.000549 -1
3 -9.660185 29.515165 -0.000000 -0.000549 0.999451 -1
3 -9.660185 4.522276 -0.000000 0.000000 1.000000 -1
3 -9.660185 29.515165 -0.000000 1.000000 1.000000 -1
3 -11.510276 31.939047 -0.000000 1.000000 0.000000 -1
3 -8.816691 30.358658 -0.000000 0.000000 1.000000 -1
3 0.000000 30.358658 -0.000000 1.000000 1.000000 -1
3 0.000846 32.821732 -0.000000 1.000000 0.000000 -1
3 -10.627589 32.821732 -0.000000 0.000000 0.000000 -1
3 10.629295 32.821732 -0.000000 0.001833 -0.001826 -1
3 8.710303 30.358658 -0.000000 -0.001826 0.998167 -1
3 9.381970 30.080444 -0.000000 0.998167 1.001826 -1
3 11.253428 32.530594 -0.000000 1.001826 0.001833 -1
3 11.253428 32.530594 -0.000000 0.001833 -0.001826 -1
3 9.381970 30.080444 -0.000000 -0.001826 0.998167 -1
3 9.660185 29.408775 -0.000000 0.998167 1.001826 -1
3 11.511969 31.939068 -0.000000 1.001826 0.001833 -1
3 9.660185 29.408775 -0.000000 0.000000 1.000000 -1
3 9.660185 4.522276 -0.000000 1.000000 1.000000 -1
3 11.511969 31.939068 -0.000000 0.000000 0.000000 -1
3 0.000000 30.358658 -0.000000 0.000000 1.000000 -1
3 8.710303 30.358658 -0.000000 1.000000 1.000000 -1
3 10.629295 32.821732 -0.000000 1.000000 0.000000 -1
3 0.000846 32.821732 -0.000000 0.000000 0.000000 -1
3 17.845266 12.816108 -0.000000 0.001833 -0.001826 -1
3 18.107325 9.593791 -0.000000 -0.001826 0.998167 -1
3 18.728676 9.856913 -0.000000 0.998167 1.001826 -1
3 18.495491 13.091455 -0.000000 1.001826 0.001833 -1
3 18.495491 13.091455 -0.000000 0.001833 -0.001826 -1
3 18.728676 9.856913 -0.000000 -0.001826 0.998167 -1
3 19.351349 9.596938 -0.000000 0.998167 1.001826 -1
3 19.147097 12.819401 -0.000000 1.001826 0.001833 -1
3 11.808358 3.167025 -0.000000 0.000000 1.000000 -1
3 18.107325 9.593791 -0.000000 1.000000 1.000000 -1
3 17.845266 12.816108 -0.000000 1.000000 0.000000 -1
3 -19.114504 12.850600 -0.000000 0.001833 -0.001826 -1
3 -19.321814 9.626741 -0.000000 -0.001826 0.998167 -1
3 -18.728626 9.874414 -0.000000 0.998167 1.001826 -1
3 -18.493755 13.109779 -0.000000 1.001826 0.001833 -1
3 -18.493755 13.109779 -0.000000 0.001833 -0.001826 -1
3 -18.728626 9.874414 -0.000000 -0.001826 0.998167 -1
3 -18.136694 9.623753 -0.000000 0.998167 1.001826 -1
3 -17.874317 12.847473 -0.000000 1.001826 0.001833 -1
3 -18.136694 9.623753 -0.000000 0.000000 1.000000 -1
3 -11.808359 3.167025 -0.000000 1.000000 1.000000 -1
3 -17.874317 12.847473 -0.000000 0.000000 0.000000 -1
3 -31.977991 -2.259821 0.000000 0.001833 -0.001826 -1
3 -28.954491 -1.821586 0.000000 -0.001826 0.998167 -1
3 -29.309786 -0.965029 0.000000 0.998167 1.001826 -1
3 -32.349792 -1.363462 0.000000 1.001826 0.001833 -1
3 -32.349792 -1.363462 0.000000 0.001833 -0.001826 -1
3 -29.309786 -0.965029 0.000000 -0.001826 0.998167 -1
3 -28.958536 -0.106803 0.000000 0.998167 1.001826 -1
3 -31.982225 -0.465359 0.000000 1.001826 0.001833 -1
3 -28.958536 -0.106803 0.000000 0.000000 1.000000 -1
3 -19.321814 9.626741 -0.000000 1.000000 1.000000 -1
3 -19.114504 12.850600 -0.000000 1.000000 0.000000 -1
3 -31.982225 -0.465359 0.000000 0.000000 0.000000 -1
3 -1.023354 -29.768255 0.000000 0.999451 1.000549 -1
3 -1.070064 -33.184944 0.000000 1.000549 0.000549 -1
3 0.000847 -33.628773 0.000000 0.000549 -0.000549 -1
3 0.000006 -30.192381 0.000000 -0.000549 0.999451 -1
3 0.000006 -30.192381 0.000000 0.999451 1.000549 -1
3 0.000847 -33.628773 0.000000 1.000549 0.000549 -1
3 1.071759 -33.184948 0.000000 0.000549 -0.000549 -1
3 1.023367 -29.768259 0.000000 -0.000549 0.999451 -1
3 -1.023354 -29.768255 0.000000 0.000000 1.000000 -1
3 -28.954491 -1.821586 0.000000 1.000000 1.000000 -1
3 -31.977991 -2.259821 0.000000 1.000000 0.000000 -1
3 -1.070064 -33.184944 0.000000 0.000000 0.000000 -1
3 28.777922 -1.998458 0.000000 1.000232 0.999768 -1
3 31.794924 -2.444906 0.000000 0.999768 -0.000232 -1
3 32.243610 -1.363210 0.000000 -0.000232 0.000232 -1
3 29.206688 -0.964795 0.000000 0.000232 1.000232 -1
3 29.206688 -0.964795 0.000000 1.000232 0.999768 -1
3 32.243610 -1.363210 0.000000 0.999768 -0.000232 -1
3 31.800037 -0.279417 0.000000 -0.000232 0.000232 -1
3 28.782810 0.070875 -0.000000 0.000232 1.000232 -1
3 28.777922 -1.998458 0.000000 0.000000 1.000000 -1
3 1.023367 -29.768259 0.000000 1.000000 1.000000 -1
3 1.071759 -33.184948 0.000000 1.000000 0.000000 -1
3 31.794924 -2.444906 0.000000 0.000000 0.000000 -1
3 19.351349 9.596938 -0.000000 0.000000 1.000000 -1
3 28.782810 0.070875 -0.000000 1.000000 1.000000 -1
3 31.800037 -0.279417 0.000000 1.000000 0.000000 -1
3 19.147097 12.819401 -0.000000 0.000000 0.000000 -1
1
-0.000000 -0.000000 1.000000
56
3 0 1 2 0 0 0 1
3 0 2 3 0 0 0 1
3 4 5 6 0 0 0 1
3 4 6 7 0 0 0 1
3 8 9 6 0 0 0 1
3 8 6 10 0 0 0 1
3 11 12 13 0 0 0 1
3 11 13 3 0 0 0 1
3 14 15 16 0 0 0 1
3 14 16 17 0 0 0 1
3 18 19 20 0 0 0 1
3 18 20 21 0 0 0 1
3 22 23 24 0 0 0 1
3 22 24 10 0 0 0 1
3 25 26 27 0 0 0 1
3 25 27 28 0 0 0 1
3 29 30 31 0 0 0 1
3 29 31 32 0 0 0 1
3 33 34 35 0 0 0 1
3 33 35 36 0 0 0 1
3 37 38 13 0 0 0 1
3 37 13 39 0 0 0 1
3 40 41 42 0 0 0 1
3 40 42 43 0 0 0 1
3 44 45 46 0 0 0 1
3 44 46 47 0 0 0 1
3 48 49 50 0 0 0 1
3 48 50 51 0 0 0 1
3 52 53 54 0 0 0 1
3 52 54 7 0 0 0 1
3 55 56 57 0 0 0 1
3 55 57 58 0 0 0 1
3 59 60 61 0 0 0 1
3 59 61 62 0 0 0 1
3 63 64 2 0 0 0 1
3 63 2 65 0 0 0 1
3 66 67 68 0 0 0 1
3 66 68 69 0 0 0 1
3 70 71 72 0 0 0 1
3 70 72 73 0 0 0 1
3 74 75 76 0 0 0 1
3 74 76 77 0 0 0 1
3 78 79 80 0 0 0 1
3 78 80 81 0 0 0 1
3 82 83 84 0 0 0 1
3 82 84 85 0 0 0 1
3 86 87 88 0 0 0 1
3 86 88 89 0 0 0 1
3 90 91 92 0 0 0 1
3 90 92 93 0 0 0 1
3 94 95 96 0 0 0 1
3 94 96 97 0 0 0 1
3 98 99 100 0 0 0 1
3 98 100 101 0 0 0 1
3 102 103 104 0 0 0 1
3 102 104 105 0 0 0 1
"default" 0 1
68
0 -18.500000 10.500000 -0.000000 0.430226 0.582167 -1
0 -28.310608 -1.000000 2.259127 0.363815 0.768769 -1
0 -18.316999 9.072500 2.310674 0.416299 0.636343 -1
0 0.000000 -31.000000 0.000003 0.325438 0.788227 -1
0 30.000000 -1.000000 0.000000 0.441874 0.999499 -1
0 28.310608 -1.000000 2.319308 0.463369 0.947195 -1
0 30.000000 -1.000000 0.000000 0.582045 0.642062 -1
0 18.500000 10.500000 -0.000000 0.630789 0.765137 -1
0 28.310608 -1.000000 2.319308 0.603540 0.589759 -1
0 0.000000 -9.689392 2.332744 0.490903 0.730841 -1
0 0.000000 -8.000000 0.000001 0.510132 0.619339 -1
0 9.156769 29.522865 2.307609 0.488384 0.739345 -1
0 10.236729 30.922256 0.085503 0.513800 0.773313 -1
0 -10.236729 30.922256 0.085503 0.584641 0.760198 -1
0 -9.156799 29.523315 2.307609 0.606070 0.701153 -1
0 -9.156769 4.271897 2.307611 0.624279 0.981320 -1
0 -10.236729 3.794929 0.085505 0.588343 0.925889 -1
0 -0.000000 -4.420384 2.307612 0.547809 0.970278 -1
0 -5.859115 25.819363 7.455309 0.272110 0.527080 -1
0 5.859115 25.819363 7.455309 0.268869 0.510166 -1
0 -9.156799 29.523315 2.307609 0.273437 0.523137 -1
0 5.859114 5.856141 7.455311 0.268366 0.512599 -1
0 9.156769 29.522865 2.307609 0.267429 0.506360 -1
0 -5.859114 5.856141 7.455311 0.272343 0.511853 -1
0 -9.156769 4.271897 2.307611 0.270493 0.519082 -1
0 0.000000 -0.093610 7.455311 0.270586 0.506394 -1
0 -0.000000 -4.420384 2.307612 0.268765 0.510018 -1
0 9.156769 4.271897 2.307611 0.266693 0.508191 -1
0 23.920000 -1.109100 7.455311 0.279398 0.347905 -1
0 0.000000 -29.500000 2.339880 0.276726 0.348823 -1
0 28.310608 -1.000000 2.319308 0.277213 0.345316 -1
0 0.018187 -13.607031 7.455312 0.281201 0.342707 -1
0 18.409000 4.420101 7.455311 0.281124 0.352169 -1
0 18.316677 9.072498 2.312293 0.277304 0.346462 -1
0 0.000000 -25.196552 7.455313 0.275458 0.344814 -1
0 -23.920113 -1.109121 7.449560 0.279716 0.337753 -1
0 -18.409065 4.420114 7.455311 0.279654 0.337132 -1
0 -18.316999 9.072500 2.310674 0.278661 0.338274 -1
0 -28.310608 -1.000000 2.259127 0.277951 0.340285 -1
0 0.000000 -9.689392 2.332744 0.279712 0.346235 -1
0 -28.310608 -1.000000 2.259127 0.583416 0.740735 -1
0 0.000000 -31.000000 0.000003 0.543872 0.998484 -1
0 0.000000 -29.500000 2.339880 0.470812 0.941342 -1
0 0.000000 -29.500000 2.339880 0.366851 0.759120 -1
0 18.316677 9.072498 2.312293 0.640609 0.634387 -1
0 9.156769 4.271897 2.307611 0.492220 0.976343 -1
0 -28.310608 -1.000000 2.259127 0.624361 0.768023 -1
0 -30.000000 -1.000000 0.000000 0.624361 0.768023 -1
0 9.156769 4.271897 2.307611 0.513269 0.935552 -1
0 -0.000000 -4.420384 2.307612 0.549233 0.952970 -1
0 0.000000 -6.120877 0.085506 0.549233 0.952970 -1
0 10.236729 3.794929 0.085505 0.513269 0.935552 -1
0 -28.310608 -1.000000 2.259127 0.352587 0.750530 -1
0 -18.500000 10.500000 -0.000000 0.429547 0.570240 -1
0 -30.000000 -1.000000 0.000000 0.352587 0.750530 -1
0 5.859115 25.819363 7.455309 0.096146 0.716822 -1
0 -5.859115 25.819363 7.455309 0.157497 0.713763 -1
0 0.000000 -0.093610 7.455311 0.126809 0.978182 -1
0 5.859114 5.856141 7.455311 0.096081 0.898083 -1
0 -5.859114 5.856141 7.455311 0.157431 0.895025 -1
0 23.920000 -1.109100 7.455311 0.200891 0.764486 -1
0 18.409000 4.420101 7.455311 0.150213 0.734152 -1
0 0.000000 -25.196552 7.455313 0.202755 0.965013 -1
0 0.000000 -25.196552 7.455313 0.056846 0.969154 -1
0 0.018187 -13.607031 7.455312 0.105068 0.938724 -1
0 -18.409065 4.420114 7.455311 0.106030 0.742486 -1
0 0.018187 -13.607031 7.455312 0.153991 0.938262 -1
0 -23.920113 -1.109121 7.449560 0.063196 0.766465 -1
40
-0.638400 0.631200 0.440500
0.628600 -0.628600 0.457900
0.628600 0.628600 0.457900
0.629400 0.629400 0.455800
-0.000000 0.846200 0.532900
-0.899400 -0.000000 0.437100
-0.618200 -0.651200 0.440200
-0.000000 0.811700 0.584100
0.842000 -0.000000 0.539400
-0.842000 -0.000000 0.539400
-0.613700 -0.604400 0.508000
0.573500 -0.604100 0.553300
0.610800 -0.606300 0.509200
-0.584600 0.596400 0.550000
-0.610500 -0.606100 0.509900
0.583900 0.596900 0.550200
0.601900 0.597600 0.529800
-0.605600 0.598200 0.524800
0.631400 0.617000 0.469600
-0.600800 0.598200 0.530300
-0.630100 0.615700 0.473100
-0.612800 -0.607300 0.505600
0.610400 -0.606100 0.509900
0.601800 0.599900 0.527200
-0.647200 -0.641800 0.411400
0.646700 -0.642100 0.411600
0.637000 0.632300 0.440900
0.669800 0.654300 0.351200
0.613700 -0.604400 0.508000
-0.573500 -0.604100 0.553300
-0.000000 0.811700 0.584000
-0.000000 0.846300 0.532800
0.899400 -0.000000 0.437100
-0.625100 -0.625100 0.467500
0.613800 -0.639700 0.462600
-0.609700 -0.629500 0.481700
-0.625100 0.625100 0.467500
-0.000000 -0.000000 1.000000
-0.000600 -0.000400 1.000000
-0.650100 0.642600 0.405500
51
0 0 1 2 0 0 0 1
0 3 4 5 1 1 1 1
0 6 7 8 2 2 2 1
0 9 10 0 3 3 3 1
0 11 12 13 4 4 4 1
0 14 13 15 5 5 5 1
0 15 16 17 6 6 6 1
0 18 19 20 7 7 7 1
0 19 21 22 8 8 8 1
0 23 20 24 9 9 9 1
0 25 23 26 10 10 10 1
0 21 26 27 11 11 11 1
0 28 29 30 12 12 12 1
0 31 32 33 13 13 13 1
0 34 35 29 14 14 14 1
0 36 31 37 15 15 15 1
0 32 30 33 16 16 16 1
0 35 37 38 17 17 17 1
0 37 31 39 18 18 18 1
0 37 35 36 19 19 19 1
0 33 39 31 20 20 20 1
0 29 35 38 21 21 21 1
0 29 28 34 22 22 22 1
0 30 32 28 23 23 23 1
0 40 41 42 24 24 24 1
0 5 43 3 25 25 25 1
0 8 7 44 26 26 26 1
0 9 0 2 27 27 27 1
0 20 23 18 9 9 9 1
0 22 21 27 8 8 8 1
0 26 21 25 28 28 28 1
0 26 23 24 29 29 29 1
0 20 19 22 30 30 30 1
0 15 13 16 5 5 5 1
0 13 14 11 31 31 31 1
0 12 11 45 32 32 32 1
0 46 47 41 33 33 33 1
0 48 49 50 34 34 34 1
0 48 50 51 34 34 34 1
0 12 48 51 32 32 32 1
0 49 16 50 35 35 35 1
0 52 53 54 36 36 36 1
0 55 56 57 37 37 37 1
0 57 58 55 37 37 37 1
0 56 59 57 37 37 37 1
0 60 61 62 37 37 37 1
0 63 64 65 37 37 37 1
0 62 61 66 37 37 37 1
0 65 67 63 38 38 38 1
0 44 7 10 39 39 39 1
0 44 10 9 39 39 39 1
"inner frame" 0 1
26
3 22.673000 -1.251400 8.188477 0.906178 0.756633 -1
3 0.000000 -25.196552 8.188478 0.936917 1.020525 -1
3 23.920000 -1.109100 8.188477 0.914189 0.741481 -1
3 0.000000 -14.823844 8.188478 0.885065 0.975117 -1
3 18.280001 2.984800 8.188477 0.864218 0.719223 -1
3 18.409000 4.420100 8.188477 0.858408 0.696852 -1
3 0.000000 -23.857262 8.188478 0.743768 0.991997 -1
3 -22.673326 -1.251415 8.241274 0.774831 0.742063 -1
3 0.000000 -25.196552 8.188478 0.738248 0.990252 -1
3 -18.280012 2.984767 8.188477 0.814309 0.721498 -1
3 0.000000 -14.823844 8.188478 0.793816 0.966527 -1
3 -18.409065 4.420113 8.188477 0.819835 0.692331 -1
3 -23.920113 -1.109121 8.182724 0.764720 0.727127 -1
3 0.000000 -23.857262 8.188478 0.932826 1.012947 -1
3 0.018187 -13.607031 8.188478 0.817941 0.953389 -1
3 0.018187 -13.607031 8.188478 0.861821 0.957525 -1
3 5.859114 5.856140 8.192389 0.880370 0.930368 -1
3 4.965323 25.004480 8.192387 0.861388 0.686596 -1
3 4.965322 6.493312 8.192388 0.861573 0.917474 -1
3 -5.859114 5.856140 8.192389 0.713028 0.932707 -1
3 -4.965323 25.004480 8.192387 0.733627 0.688382 -1
3 -5.859115 25.819363 8.192387 0.713848 0.670162 -1
3 0.000000 1.387670 8.192389 0.803738 0.944924 -1
3 0.000000 -0.093611 8.192389 0.806263 0.956899 -1
3 -4.965322 6.493312 8.192388 0.733811 0.919260 -1
3 5.859115 25.819363 8.192387 0.881190 0.667823 -1
5
-0.000000 -0.000000 1.000000
0.002300 -0.000000 1.000000
-0.042200 0.041000 0.998300
0.011100 0.001000 0.999900
-0.052800 -0.052200 0.997200
22
3 0 1 2 0 0 0 1
3 3 4 5 0 0 0 1
3 6 7 8 1 1 1 1
3 9 10 11 0 0 0 1
3 4 2 5 0 0 0 1
3 7 11 12 2 2 2 1
3 1 0 13 0 0 0 1
3 11 10 14 0 0 0 1
3 11 7 9 3 3 3 1
3 5 15 3 0 0 0 1
3 2 4 0 0 0 0 1
3 8 7 12 4 4 4 1
3 16 17 18 0 0 0 1
3 19 20 21 0 0 0 1
3 18 22 16 0 0 0 1
3 22 19 23 0 0 0 1
3 24 20 19 0 0 0 1
3 17 16 25 0 0 0 1
3 20 17 25 0 0 0 1
3 19 22 24 0 0 0 1
3 16 22 23 0 0 0 1
3 25 21 20 0 0 0 1

Materials: 3
"outline"
1.000000 1.000000 1.000000 1.000000
0.800000 0.800000 0.800000 1.000000
0.500000 0.500000 0.500000 1.000000
0.000000 0.000000 0.000000 1.000000
0.192000
1.000000
"border_of_life.png"
""
"Material01"
0.000000 0.000000 0.000000 1.000000
1.000000 1.000000 1.000000 1.000000
1.000000 1.000000 1.000000 1.000000
0.000000 0.000000 0.000000 1.000000
0.000000
1.000000
"texcher_4th.png"
""
"Material02"
0.000000 0.000000 0.000000 1.000000
1.000000 1.000000 1.000000 1.000000
1.000000 1.000000 1.000000 1.000000
0.000000 0.000000 0.000000 1.000000
0.000000
1.000000
"ornate_4th.png"
""

Bones: 0
GroupComments: 0
MaterialComments: 0
BoneComments: 0
ModelComment: 0
