// MilkShape 3D ASCII

Frames: 30
Frame: 1

Meshes: 5
"default" 0 0
57
0 0.000000 -0.000000 -1.000000 0.518196 0.062644 -1
0 -7.494265 -0.000000 -1.000000 0.519262 0.100827 -1
0 -5.297508 -5.297508 -0.999999 0.626913 0.089446 -1
0 0.000000 -7.494265 -0.999999 0.670929 0.062377 -1
0 5.297508 -5.297508 -0.999999 0.625405 0.035465 -1
0 7.494265 -0.000000 -1.000000 0.517129 0.024461 -1
0 5.297508 5.297508 -1.000001 0.409479 0.035842 -1
0 0.000000 7.494265 -1.000001 0.365463 0.062911 -1
0 -5.297508 5.297508 -1.000001 0.410987 0.089823 -1
0 9.405886 -16.061991 3.038836 0.661988 0.286448 -1
0 7.435338 -12.663487 7.021671 0.619965 0.292729 -1
0 0.000001 -14.677307 7.021671 0.642650 0.311289 -1
0 0.000002 -18.609522 3.038836 0.690146 0.311007 -1
0 16.069012 -9.398868 3.038836 0.590862 0.268913 -1
0 12.670509 -7.428319 7.021670 0.567509 0.279430 -1
0 18.616539 0.007016 3.038835 0.492477 0.262486 -1
0 14.684325 0.007016 7.021670 0.492791 0.274382 -1
0 -12.670509 7.442353 7.021669 0.422159 0.343872 -1
0 -16.069012 9.412900 3.038834 0.398787 0.354502 -1
0 -18.616539 0.007015 3.038835 0.497990 0.360860 -1
0 -14.684325 0.007016 7.021670 0.497343 0.348899 -1
0 -7.435337 12.677524 7.021669 0.368819 0.330607 -1
0 -9.405885 16.076027 3.038834 0.326515 0.336970 -1
0 0.000000 14.691341 7.021669 0.346140 0.311923 -1
0 -0.000000 18.623554 3.038833 0.298251 0.312123 -1
0 12.670506 7.442353 7.021669 0.418644 0.279740 -1
0 16.069010 9.412900 3.038834 0.393449 0.269197 -1
0 9.405883 16.076029 3.038834 0.323332 0.287261 -1
0 7.435336 12.677526 7.021669 0.365947 0.293064 -1
0 -12.670506 -7.428321 7.021670 0.572083 0.343349 -1
0 -16.069008 -9.398870 3.038836 0.597470 0.353879 -1
0 -9.405883 -16.061998 3.038836 0.666539 0.335697 -1
0 -7.435336 -12.663495 7.021671 0.624035 0.330040 -1
0 -16.069012 9.412900 3.038834 0.387371 0.478015 -1
0 -9.405885 16.076027 3.038834 0.319100 0.460168 -1
0 -10.196127 17.455912 -0.944002 0.283607 0.465091 -1
0 -17.448896 10.203141 -0.944001 0.368034 0.486243 -1
0 -18.616539 0.007015 3.038835 0.486371 0.484637 -1
0 -20.210455 0.007014 -0.944000 0.486684 0.494812 -1
0 -16.069008 -9.398870 3.038836 0.586026 0.477468 -1
0 -17.448893 -10.189112 -0.943999 0.604749 0.485896 -1
0 -10.196124 -17.441883 -0.943998 0.694612 0.466034 -1
0 -9.405883 -16.061998 3.038836 0.660243 0.460604 -1
0 0.000002 -18.609522 3.038836 0.690447 0.436139 -1
0 9.405886 -16.061991 3.038836 0.664756 0.411430 -1
0 10.196128 -17.441875 -0.943998 0.700204 0.406485 -1
0 0.000003 -20.203438 -0.943998 0.728613 0.436367 -1
0 16.069012 -9.398868 3.038836 0.595866 0.393372 -1
0 17.448896 -10.189109 -0.943999 0.615337 0.385118 -1
0 20.210455 0.007016 -0.944000 0.496455 0.376592 -1
0 18.616539 0.007016 3.038835 0.496008 0.386792 -1
0 16.069010 9.412900 3.038834 0.394895 0.392817 -1
0 17.448895 10.203141 -0.944001 0.376205 0.384405 -1
0 10.196125 17.455914 -0.944002 0.288823 0.405286 -1
0 9.405883 16.076029 3.038834 0.323717 0.410565 -1
0 -0.000000 18.623554 3.038833 0.292990 0.435215 -1
0 -0.000001 20.217470 -0.944002 0.254655 0.435007 -1
38
-0.000000 -0.000000 1.000000
0.428300 -0.739000 0.520100
0.356800 -0.616100 0.702200
-0.000000 -0.711600 0.702600
0.028900 -0.741900 0.669800
0.550100 -0.550100 0.628300
0.511800 -0.511800 0.690000
0.698800 -0.189300 0.689900
-0.698800 0.189300 0.689900
-0.550100 0.550100 0.628300
-0.511800 0.511800 0.690000
-0.356800 0.616100 0.702200
-0.428300 0.739000 0.520100
-0.000000 0.711600 0.702600
-0.000000 0.765900 0.643000
0.511800 0.511800 0.690000
0.698800 0.189300 0.689900
-0.698800 -0.189300 0.689900
-0.511800 -0.511800 0.690000
-0.189300 -0.698800 0.689900
0.189300 0.698800 0.689900
0.225300 0.831700 0.507400
-0.464200 0.804400 0.370800
-0.659800 0.659800 0.359500
-0.900400 0.243900 0.360300
-0.900400 -0.243900 0.360300
-0.659800 -0.659800 0.359500
-0.243900 -0.900400 0.360300
0.464200 -0.804400 0.370800
0.243900 -0.900400 0.360300
0.900400 -0.243900 0.360300
0.928000 -0.030800 0.371400
0.928400 -0.000000 0.371500
0.900400 0.243900 0.360300
0.659800 -0.659800 0.359500
0.659800 0.659800 0.359500
0.243900 0.900400 0.360300
-0.243900 0.900400 0.360300
56
0 0 1 2 0 0 0 1
0 0 2 3 0 0 0 1
0 0 3 4 0 0 0 1
0 0 4 5 0 0 0 1
0 0 5 6 0 0 0 1
0 0 6 7 0 0 0 1
0 0 7 8 0 0 0 1
0 0 8 1 0 0 0 1
0 9 10 11 1 2 3 1
0 9 11 12 1 3 4 1
0 13 14 10 5 6 2 1
0 13 10 9 5 2 1 1
0 15 16 14 7 7 7 1
0 15 14 13 7 7 7 1
0 17 18 19 8 8 8 1
0 17 19 20 8 8 8 1
0 18 17 21 9 10 11 1
0 18 21 22 9 11 12 1
0 23 24 22 13 14 12 1
0 23 22 21 13 12 11 1
0 25 26 27 15 15 15 1
0 25 27 28 15 15 15 1
0 26 25 16 16 16 16 1
0 26 16 15 16 16 16 1
0 29 20 19 17 17 17 1
0 29 19 30 17 17 17 1
0 30 31 32 18 18 18 1
0 30 32 29 18 18 18 1
0 11 32 31 3 19 19 1
0 11 31 12 3 19 4 1
0 28 27 24 20 21 14 1
0 28 24 23 20 14 13 1
0 33 34 35 9 12 22 1
0 35 36 33 23 23 23 1
0 37 33 38 24 24 24 1
0 37 38 39 25 25 25 1
0 38 33 36 24 24 24 1
0 38 40 39 25 25 25 1
0 39 40 41 26 26 26 1
0 39 41 42 26 26 26 1
0 42 41 43 27 27 27 1
0 44 43 45 1 4 28 1
0 41 46 43 27 27 27 1
0 46 45 43 29 29 29 1
0 47 44 45 5 1 28 1
0 47 48 49 30 30 31 1
0 50 49 51 32 31 33 1
0 45 48 47 34 34 34 1
0 47 49 50 30 31 32 1
0 49 52 51 33 33 33 1
0 51 52 53 35 35 35 1
0 54 53 55 21 36 14 1
0 34 55 35 12 14 22 1
0 56 35 55 37 37 37 1
0 53 56 55 36 36 36 1
0 53 54 51 35 35 35 1
"inner white" 0 0
24
3 14.725359 0.005334 7.021670 0.490032 0.130857 -1
3 12.705914 7.461449 7.021669 0.377393 0.139415 -1
3 7.055522 0.005332 -0.944000 0.490699 0.158129 -1
3 6.077955 3.614669 -0.944000 0.432566 0.162924 -1
3 7.456113 12.711251 7.021669 0.299762 0.160000 -1
3 3.609333 6.083291 -0.944000 0.394181 0.173552 -1
3 -0.000000 14.730694 7.021669 0.272284 0.188559 -1
3 0.000001 7.060857 -0.944000 0.381104 0.188473 -1
3 -7.456114 12.711249 7.021669 0.306398 0.216648 -1
3 -3.609335 6.083289 -0.944000 0.399929 0.202941 -1
3 -12.705916 7.461449 7.021669 0.388719 0.235925 -1
3 -6.077957 3.614668 -0.944000 0.442146 0.212406 -1
3 -14.725359 0.005334 7.021670 0.502813 0.242550 -1
3 -7.055522 0.005335 -0.944000 0.501483 0.215443 -1
3 -12.705913 -7.450781 7.021670 0.614465 0.233815 -1
3 -6.077954 -3.604003 -0.944000 0.558975 0.210371 -1
3 -7.456113 -12.700584 7.021670 0.691483 0.213552 -1
3 -3.609334 -6.072625 -0.944000 0.598171 0.199947 -1
3 0.000001 -14.720024 7.021670 0.719768 0.185223 -1
3 -0.000002 -7.050189 -0.944000 0.611508 0.185174 -1
3 7.456115 -12.700577 7.021670 0.686417 0.157131 -1
3 3.609336 -6.072619 -0.944000 0.592748 0.170785 -1
3 12.705916 -7.450779 7.021670 0.604378 0.137714 -1
3 6.077956 -3.604000 -0.944000 0.550416 0.161297 -1
20
-0.720400 -0.000000 0.693600
-0.623600 -0.361200 0.693300
-0.623700 -0.361100 0.693300
-0.361200 -0.623600 0.693300
-0.361100 -0.623700 0.693300
-0.000000 -0.720400 0.693600
0.361200 -0.623600 0.693300
0.361100 -0.623700 0.693300
0.623600 -0.361200 0.693300
0.623700 -0.361100 0.693300
0.720400 -0.000000 0.693600
0.623600 0.361200 0.693300
0.623700 0.361100 0.693300
0.361200 0.623600 0.693300
0.361100 0.623700 0.693300
-0.000000 0.720400 0.693600
-0.361200 0.623600 0.693300
-0.361100 0.623700 0.693300
-0.623600 0.361200 0.693300
-0.623700 0.361100 0.693300
24
3 0 1 2 0 1 0 1
3 1 3 2 1 2 0 1
3 1 4 3 1 3 2 1
3 4 5 3 3 4 2 1
3 4 6 5 3 5 4 1
3 6 7 5 5 5 4 1
3 6 8 7 5 6 5 1
3 8 9 7 6 7 5 1
3 8 10 9 6 8 7 1
3 10 11 9 8 9 7 1
3 10 12 11 8 10 9 1
3 12 13 11 10 10 9 1
3 12 14 13 10 11 10 1
3 14 15 13 11 12 10 1
3 14 16 15 11 13 12 1
3 16 17 15 13 14 12 1
3 16 18 17 13 15 14 1
3 18 19 17 15 15 14 1
3 18 20 19 15 16 15 1
3 20 21 19 16 17 15 1
3 20 22 21 16 18 17 1
3 22 23 21 18 19 17 1
3 22 0 23 18 0 19 1
3 0 2 23 0 0 19 1
"spikes" 0 0
163
0 -19.807688 -8.480490 8.110304 0.709194 0.340245 0
0 -17.611755 -13.196423 7.605659 0.708565 0.287984 0
0 -8.685902 -2.106676 8.002706 0.297322 0.340565 0
0 -17.616058 -12.806448 -1.381788 0.297393 0.287949 0
0 -6.532481 -6.572614 -1.481905 0.296623 0.340209 0
0 -17.611755 -13.196423 7.605659 0.709264 0.288339 0
0 -19.811991 -8.090514 -0.877159 0.296232 0.287897 0
0 -17.616058 -12.806448 -1.381788 0.295465 0.340147 0
0 -17.611755 -13.196423 7.605659 0.705529 0.340538 0
0 -8.690207 -1.716701 -0.984757 0.706226 0.340183 0
0 -19.811991 -8.090514 -0.877159 0.705599 0.287933 0
0 -8.685902 -2.106676 8.002706 0.296161 0.340502 0
0 -6.532481 -6.572614 -1.481905 0.297393 0.287949 0
0 -8.690207 -1.716701 -0.984757 0.296623 0.340209 0
0 -8.685902 -2.106676 8.002706 0.708494 0.340600 0
0 -6.528178 -6.962589 7.505541 0.709264 0.288339 0
0 -6.528178 -6.962589 7.505541 0.708494 0.340600 0
0 -17.611755 -13.196423 7.605659 0.295534 0.288253 0
0 -19.807688 -8.480490 8.110304 0.296161 0.340502 0
0 -19.811991 -8.090514 -0.877159 0.706226 0.340183 0
0 -19.807688 -8.480490 8.110304 0.295534 0.288253 0
0 -6.528178 -6.962589 7.505541 0.296692 0.288304 0
0 -2.379865 8.797188 7.938371 0.295999 0.287753 0
0 2.832851 8.713666 7.299895 0.295430 0.340255 0
0 -2.548389 21.077522 7.384889 0.706383 0.288044 0
0 2.601480 9.305927 -1.700852 0.705378 0.340614 0
0 2.373825 21.638618 -2.246605 0.706444 0.288365 0
0 2.832851 8.713666 7.299895 0.295316 0.340071 0
0 -2.611235 9.389450 -1.062392 0.299036 0.288128 0
0 2.601480 9.305927 -1.700852 0.298469 0.340101 0
0 2.832851 8.713666 7.299895 0.706866 0.340389 0
0 -2.779758 21.669781 -1.615874 0.296132 0.287948 0
0 -2.611235 9.389450 -1.062392 0.295563 0.340198 0
0 -2.548389 21.077522 7.384889 0.706197 0.288238 0
0 2.373825 21.638618 -2.246605 0.295999 0.287753 0
0 -2.779758 21.669781 -1.615874 0.295430 0.340255 0
0 -2.548389 21.077522 7.384889 0.705814 0.340546 0
0 -2.548389 21.077522 7.384889 0.296250 0.287626 0
0 2.605196 21.046358 6.754144 0.295183 0.340127 0
0 2.373825 21.638618 -2.246605 0.705563 0.340673 0
0 2.605196 21.046358 6.754144 0.296383 0.287821 0
0 -2.379865 8.797188 7.938371 0.707432 0.288416 0
0 -2.379865 8.797188 7.938371 0.705629 0.340487 0
0 2.605196 21.046358 6.754144 0.705814 0.340546 0
0 9.155264 -2.245779 8.517523 0.296613 0.288720 0
0 6.396229 -6.726106 8.094206 0.295411 0.339436 0
0 19.944069 -8.490713 9.013180 0.704532 0.289317 0
0 6.342695 -6.623321 -0.879380 0.296613 0.288720 0
0 17.063118 -12.841536 -0.373031 0.295411 0.339436 0
0 6.396229 -6.726106 8.094206 0.704532 0.289317 0
0 9.101730 -2.142991 -0.456079 0.296454 0.287785 0
0 6.342695 -6.623321 -0.879380 0.295246 0.340034 0
0 6.396229 -6.726106 8.094206 0.705306 0.340650 0
0 19.890533 -8.387925 0.039578 0.296454 0.287785 0
0 9.101730 -2.142991 -0.456079 0.295246 0.340034 0
0 19.944069 -8.490713 9.013180 0.706514 0.288401 0
0 17.063118 -12.841536 -0.373031 0.296613 0.288720 0
0 19.890533 -8.387925 0.039578 0.295411 0.339436 0
0 19.944069 -8.490713 9.013180 0.703330 0.340034 0
0 17.116653 -12.944319 8.600555 0.704532 0.289317 0
0 17.116653 -12.944319 8.600555 0.703330 0.340034 0
0 9.155264 -2.245779 8.517523 0.706514 0.288401 0
0 9.155264 -2.245779 8.517523 0.705306 0.340650 0
0 -19.802763 -8.258247 8.241991 0.463107 0.385587 0
0 -20.688208 -6.988910 7.353381 0.457652 0.383989 0
0 -20.942921 -8.892499 7.131989 0.469583 0.384782 0
0 -17.833521 -7.145041 8.224509 0.416157 0.385126 0
0 -20.688208 -6.988910 7.353381 0.452456 0.384340 0
0 -20.883968 -7.029608 -0.740960 0.478947 0.486726 0
0 -21.138115 -8.933079 -0.942562 0.493199 0.488060 0
0 -18.612911 -5.864810 7.329808 0.424151 0.384169 0
0 -18.808670 -5.905504 -0.764529 0.428764 0.487895 0
0 -20.883968 -7.029608 -0.740960 0.464243 0.486579 0
0 -17.308735 -13.057153 7.536575 0.544127 0.386211 0
0 -18.216049 -13.594096 6.340571 0.538120 0.385353 0
0 -16.625553 -14.433586 6.122156 0.553692 0.385289 0
0 -15.139137 -11.921657 7.513870 0.585373 0.385410 0
0 -16.625553 -14.433586 6.122156 0.548572 0.384424 0
0 -16.586794 -14.524920 -1.798687 0.527559 0.487481 0
0 -16.625553 -14.433586 6.122156 0.448279 0.490009 0
0 -14.714111 -13.522367 -1.815289 0.432305 0.383800 0
0 -14.440255 -13.256023 6.105651 0.420613 0.488594 0
0 -21.138115 -8.933079 -0.942562 0.478176 0.488078 0
0 -18.364491 -13.706541 -1.554074 0.539297 0.490568 0
0 -20.942921 -8.892499 7.131989 0.473339 0.383673 0
0 -19.802763 -8.258247 8.241991 0.469499 0.382996 0
0 -17.308735 -13.057153 7.536575 0.539952 0.384633 0
0 -18.612911 -5.864810 7.329808 0.423507 0.383325 0
0 -14.440255 -13.256023 6.105651 0.581438 0.384509 0
0 -14.714111 -13.522367 -1.815289 0.570907 0.488488 0
0 -17.833521 -7.145041 8.224509 0.412587 0.384146 0
0 -18.426434 -7.534610 -0.764529 0.406041 0.488481 0
0 -15.881512 -12.424881 -1.818215 0.596421 0.488354 0
0 -15.139137 -11.921657 7.513870 0.587258 0.381909 0
0 -18.216049 -13.594096 6.340571 0.533934 0.385456 0
0 -18.364491 -13.706541 -1.554074 0.512256 0.488084 0
0 -16.625553 -14.433586 6.122156 0.556454 0.382224 0
0 -16.586794 -14.524920 -1.798687 0.543266 0.488061 0
0 -20.688208 -6.988910 7.353381 0.449751 0.385313 0
0 2.687727 18.488907 8.213633 0.421466 0.383390 0
0 4.190178 20.897629 7.279194 0.457782 0.382828 0
0 2.670294 20.750992 8.202948 0.468401 0.384141 0
0 4.073818 20.986378 -0.816295 0.467055 0.485132 0
0 2.644865 22.041580 7.076857 0.462986 0.382509 0
0 4.190178 20.897629 7.279194 0.455053 0.383785 0
0 4.073818 20.986378 -0.816295 0.481754 0.485369 0
0 2.528769 22.130028 -0.998837 0.495972 0.486790 0
0 4.165550 18.537468 7.285938 0.429483 0.382483 0
0 4.049194 18.626213 -0.809546 0.431547 0.486230 0
0 -2.750021 20.891445 7.613261 0.549400 0.385262 0
0 -2.805208 21.930164 6.404967 0.543414 0.384367 0
0 -4.315405 20.944550 6.231723 0.558987 0.384399 0
0 -2.810415 18.443325 7.622760 0.590663 0.384715 0
0 -4.315405 20.944550 6.231723 0.561824 0.381351 0
0 -3.002905 22.014900 -1.488943 0.530344 0.486423 0
0 -4.586031 20.855061 -1.684609 0.546036 0.487099 0
0 -4.618464 18.731113 -1.673703 0.573665 0.487696 0
0 -4.346506 18.462364 6.247219 0.589429 0.383035 0
0 2.528769 22.130028 -0.998837 0.480950 0.486716 0
0 -3.002905 22.014900 -1.488943 0.542006 0.489582 0
0 2.644865 22.041580 7.076857 0.478680 0.382289 0
0 2.670294 20.750992 8.202948 0.474857 0.381589 0
0 -2.750021 20.891445 7.613261 0.545264 0.383658 0
0 4.165550 18.537468 7.285938 0.428860 0.381635 0
0 -4.346506 18.462364 6.247219 0.586750 0.383789 0
0 2.687727 18.488907 8.213633 0.417921 0.382389 0
0 2.439636 19.082909 -0.780352 0.408810 0.486676 0
0 -2.929247 19.524654 -1.540890 0.599180 0.487719 0
0 -2.810415 18.443325 7.622760 0.592634 0.381226 0
0 -2.805208 21.930164 6.404967 0.539226 0.384445 0
0 17.077085 -13.029217 8.212068 0.468401 0.384141 0
0 16.394613 -14.415192 7.318664 0.462986 0.382509 0
0 17.930113 -14.065652 7.133213 0.474897 0.383375 0
0 15.134375 -11.870886 8.251830 0.421466 0.383390 0
0 16.394613 -14.415192 7.318664 0.457782 0.382828 0
0 16.354738 -14.453884 -0.777956 0.481754 0.485369 0
0 17.890272 -14.104190 -0.943608 0.495972 0.486790 0
0 14.389765 -13.170083 7.354847 0.429483 0.382483 0
0 14.349882 -13.208779 -0.741766 0.431547 0.486230 0
0 16.354738 -14.453884 -0.777956 0.467055 0.485132 0
0 19.993666 -8.474704 7.506894 0.549400 0.385262 0
0 21.075281 -8.679029 6.233559 0.543414 0.384367 0
0 20.820353 -7.179656 6.092212 0.558987 0.384399 0
0 17.932215 -7.153377 7.546199 0.590663 0.384715 0
0 20.820353 -7.179656 6.092212 0.561824 0.381351 0
0 20.887251 -8.944728 -1.612141 0.530344 0.486423 0
0 20.711943 -6.991986 -1.826287 0.546036 0.487099 0
0 18.913176 -5.862656 -1.789104 0.573665 0.487696 0
0 18.714727 -5.865635 6.138557 0.589429 0.383035 0
0 17.890272 -14.104190 -0.943608 0.480950 0.486716 0
0 20.887251 -8.944728 -1.612141 0.542006 0.489582 0
0 17.930113 -14.065652 7.133213 0.478680 0.382289 0
0 17.077085 -13.029217 8.212068 0.474857 0.381589 0
0 19.993666 -8.474704 7.506894 0.545264 0.383658 0
0 14.389765 -13.170083 7.354847 0.428860 0.381635 0
0 18.714727 -5.865635 6.138557 0.586750 0.383789 0
0 15.134375 -11.870886 8.251830 0.417921 0.382389 0
0 15.575178 -12.069207 -0.752195 0.408810 0.486676 0
0 18.718977 -7.716860 -1.630912 0.599180 0.487719 0
0 17.932215 -7.153377 7.546199 0.592634 0.381226 0
0 21.075281 -8.679029 6.233559 0.539226 0.384445 0
0 21.075281 -8.679029 6.233559 0.553888 0.383502 0
0 16.394613 -14.415192 7.318664 0.455053 0.383785 0
79
0.055800 -0.080500 0.995200
0.489600 -0.871100 -0.038000
-0.907100 -0.420500 -0.017800
-0.496600 0.867200 0.037900
0.914400 0.404500 0.017100
0.053100 -0.078300 0.995500
0.122200 0.046400 0.991400
0.999500 0.017400 -0.024600
-0.023900 -0.997600 -0.065000
-0.999600 -0.012600 0.024900
0.014000 0.997800 0.065300
0.121600 0.046100 0.991500
-0.073900 -0.048600 0.996100
-0.501500 -0.865100 -0.006900
-0.851900 0.523600 0.011100
0.500700 0.865600 0.006900
0.844700 -0.535200 -0.011200
-0.073500 -0.045600 0.996200
-0.700600 0.010800 0.713500
-0.240300 0.438600 0.866000
-0.991300 0.129900 0.023300
-0.476200 0.879300 0.007100
-0.317300 -0.751700 0.578200
0.320100 -0.597000 0.735600
-0.465900 -0.884800 0.007900
0.474400 -0.880200 0.013200
-0.863100 -0.504500 0.023400
-0.525200 -0.384500 0.759200
0.861100 0.507900 -0.023400
0.863800 0.501700 -0.046700
0.970900 0.227800 -0.073900
0.682100 0.725300 -0.093400
-0.991200 0.129900 0.023300
-0.415700 -0.909300 0.020800
-0.597500 -0.457400 0.658600
0.472000 -0.881500 0.012500
0.328300 -0.598900 0.730400
-0.237000 0.455500 0.858100
0.518800 0.008000 0.854900
0.595000 0.803800 0.000300
0.594900 0.803800 0.000300
0.999800 -0.010500 -0.014500
-0.490600 0.649600 0.580800
-0.661200 0.019200 0.749900
-0.591800 0.806000 0.011100
-0.999300 0.012700 0.034700
-0.021800 0.999700 0.011300
-0.064900 0.655300 0.752500
0.025700 -0.999600 -0.011300
0.018500 -0.999200 -0.034500
-0.273500 -0.960300 -0.055900
0.429700 -0.896100 -0.111300
-0.095700 0.752700 0.651400
-0.548200 0.836000 0.022700
-0.999300 0.015400 0.034000
-0.667000 0.013000 0.745000
0.364800 0.616200 0.698000
0.531700 -0.003100 0.846900
0.229800 -0.604700 0.762600
-0.243400 -0.438000 0.865400
0.222400 -0.974900 0.003600
-0.527500 -0.849500 0.006700
0.763200 0.188000 0.618100
0.375400 0.563900 0.735600
0.996000 0.088200 -0.011500
0.529600 0.848100 0.013600
0.864600 -0.502500 -0.001900
0.608500 -0.274300 0.744700
-0.868200 0.496300 0.001900
-0.864600 0.501900 -0.021500
-0.680400 0.731200 -0.049400
-0.991200 0.096100 -0.090900
0.222400 -0.975000 0.003600
0.863300 -0.504700 -0.003600
0.702000 -0.302200 0.644800
0.985900 0.164900 -0.029200
0.531900 0.846700 0.012800
0.373000 0.571900 0.730600
-0.259900 -0.443300 0.857900
96
0 0 1 2 0 0 0 1
0 3 4 5 1 1 1 1
0 6 7 8 2 2 2 1
0 9 10 11 3 3 3 1
0 12 13 14 4 4 4 1
0 14 15 12 4 4 4 1
0 5 4 16 1 1 1 1
0 17 18 19 2 2 2 1
0 11 10 20 3 3 3 1
0 2 1 21 5 5 5 1
0 22 23 24 6 6 6 1
0 25 26 27 7 7 7 1
0 28 29 30 8 8 8 1
0 31 32 33 9 9 9 1
0 34 35 36 10 10 10 1
0 37 38 39 10 10 10 1
0 27 26 40 7 7 7 1
0 30 41 28 8 8 8 1
0 33 32 42 9 9 9 1
0 24 23 43 11 11 11 1
0 44 45 46 12 12 12 1
0 47 48 49 13 13 13 1
0 50 51 52 14 14 14 1
0 53 54 55 15 15 15 1
0 56 57 58 16 16 16 1
0 58 59 56 16 16 16 1
0 49 48 60 13 13 13 1
0 52 61 50 14 14 14 1
0 55 54 62 15 15 15 1
0 46 45 60 17 17 17 1
0 63 64 65 18 18 18 1
0 66 67 63 19 19 19 1
0 68 69 64 20 20 20 1
0 70 71 72 21 21 21 1
0 73 74 75 22 22 22 1
0 73 75 76 23 23 23 1
0 77 74 78 24 24 24 1
0 79 80 81 25 25 25 1
0 82 83 84 26 26 26 1
0 85 84 86 27 27 27 1
0 66 71 87 28 28 28 1
0 88 89 76 29 29 29 1
0 90 91 71 30 30 30 1
0 89 92 93 31 31 31 1
0 64 69 65 32 32 32 1
0 84 83 94 26 26 26 1
0 78 74 95 33 33 33 1
0 86 84 94 34 34 34 1
0 89 96 97 35 35 35 1
0 76 75 88 36 36 36 1
0 72 98 70 21 21 21 1
0 67 66 87 37 37 37 1
0 99 100 101 38 38 38 1
0 102 103 104 39 39 39 1
0 105 106 103 40 40 40 1
0 107 108 102 41 41 41 1
0 109 110 111 42 42 42 1
0 109 111 112 43 43 43 1
0 113 114 115 44 44 44 1
0 113 116 117 45 45 45 1
0 118 119 120 46 46 46 1
0 121 120 122 47 47 47 1
0 99 108 123 48 48 48 1
0 124 116 112 49 49 49 1
0 125 126 108 50 50 50 1
0 116 127 128 51 51 51 1
0 120 119 129 46 46 46 1
0 122 120 129 52 52 52 1
0 114 113 110 53 53 53 1
0 116 113 115 54 54 54 1
0 112 111 124 55 55 55 1
0 103 101 100 56 56 56 1
0 102 104 107 41 41 41 1
0 100 99 123 57 57 57 1
0 130 131 132 58 58 58 1
0 133 134 130 59 59 59 1
0 135 136 131 60 60 60 1
0 137 138 139 61 61 61 1
0 140 141 142 62 62 62 1
0 140 142 143 63 63 63 1
0 144 145 146 64 64 64 1
0 144 147 148 65 65 65 1
0 149 150 151 66 66 66 1
0 152 151 153 67 67 67 1
0 133 138 154 68 68 68 1
0 155 147 143 69 69 69 1
0 156 157 138 70 70 70 1
0 147 158 159 71 71 71 1
0 131 136 132 72 72 72 1
0 151 150 160 73 73 73 1
0 153 151 160 74 74 74 1
0 145 144 161 75 75 75 1
0 147 144 146 76 76 76 1
0 143 142 155 77 77 77 1
0 139 162 137 61 61 61 1
0 134 133 154 78 78 78 1
"deco" 0 0
48
3 9.292181 -15.867658 3.138836 0.740802 0.719896 -1
3 7.519421 -12.806694 7.121671 0.648026 0.681338 -1
3 0.000001 -14.843287 7.121671 0.511089 0.691853 -1
3 0.000002 -18.384392 3.138836 0.514595 0.736195 -1
3 15.874759 -9.285083 3.138835 0.902144 0.678875 -1
3 12.813796 -7.512323 7.121670 0.746042 0.657103 -1
3 18.391487 0.007096 3.138835 0.961034 0.622192 -1
3 14.850385 0.007096 7.121670 0.783103 0.622621 -1
3 -12.813796 7.526515 7.121669 0.270004 0.590223 -1
3 -15.874759 9.299274 3.138834 0.112828 0.568542 -1
3 -18.391487 0.007095 3.138835 0.054568 0.625696 -1
3 -14.850385 0.007096 7.121670 0.233101 0.624921 -1
3 -7.519420 12.820889 7.121669 0.367769 0.565581 -1
3 -9.292179 15.881852 3.138834 0.274135 0.526861 -1
3 0.000000 14.857480 7.121669 0.505621 0.555069 -1
3 -0.000000 18.398582 3.138833 0.502997 0.510500 -1
3 12.813793 7.526515 7.121669 0.743355 0.588430 -1
3 15.874756 9.299274 3.138834 0.898863 0.565182 -1
3 9.292178 15.881853 3.138834 0.732180 0.524861 -1
3 7.519419 12.820891 7.121669 0.644869 0.564156 -1
3 -12.813791 -7.512325 7.121670 0.274264 0.659385 -1
3 -15.874754 -9.285086 3.138835 0.119230 0.682965 -1
3 -9.292178 -15.867664 3.138836 0.287005 0.722682 -1
3 -7.519419 -12.806702 7.121671 0.372638 0.683315 -1
3 14.725359 0.005334 7.021670 0.844855 0.873220 -1
3 12.705914 7.461449 7.021669 0.795911 0.829140 -1
3 10.767148 0.005331 4.522054 0.713686 0.872215 -1
3 9.275322 5.513394 4.522053 0.680138 0.844553 -1
3 7.456113 12.711251 7.021669 0.670886 0.798206 -1
3 5.508058 9.280658 4.522053 0.601620 0.825946 -1
3 -0.000000 14.730694 7.021669 0.494407 0.786454 -1
3 0.000001 10.772482 4.522053 0.489518 0.819090 -1
3 -7.456114 12.711249 7.021669 0.318531 0.798648 -1
3 -5.508060 9.280655 4.522053 0.379379 0.827313 -1
3 -12.705916 7.461449 7.021669 0.195605 0.829902 -1
3 -9.275325 5.513393 4.522053 0.305952 0.846809 -1
3 -14.725359 0.005334 7.021670 0.150126 0.873975 -1
3 -10.767148 0.005336 4.522054 0.280296 0.874681 -1
3 -12.705913 -7.450781 7.021670 0.200212 0.917679 -1
3 -9.275320 -5.502729 4.522054 0.315973 0.902053 -1
3 -7.456113 -12.700584 7.021670 0.323260 0.948363 -1
3 -5.508058 -9.269994 4.522054 0.392912 0.921034 -1
3 0.000001 -14.720024 7.021670 0.498275 0.960419 -1
3 -0.000003 -10.761813 4.522054 0.503881 0.928007 -1
3 7.456115 -12.700577 7.021670 0.674146 0.948521 -1
3 5.508062 -9.269985 4.522054 0.613422 0.919810 -1
3 12.705916 -7.450779 7.021670 0.797927 0.917383 -1
3 9.275324 -5.502724 4.522054 0.687025 0.900261 -1
34
0.374700 -0.647000 0.664000
-0.000000 -0.747300 0.664400
0.536600 -0.536600 0.651200
0.732500 -0.198400 0.651200
-0.732500 0.198400 0.651200
-0.536600 0.536600 0.651200
-0.374700 0.647000 0.664000
-0.000000 0.747300 0.664400
0.536600 0.536600 0.651200
0.732500 0.198400 0.651200
-0.732500 -0.198400 0.651200
-0.536600 -0.536600 0.651200
-0.198400 -0.732500 0.651200
0.198400 0.732500 0.651200
-0.533900 -0.000000 0.845500
-0.463400 -0.267700 0.844700
-0.462700 -0.269000 0.844700
-0.267700 -0.463400 0.844700
-0.269000 -0.462700 0.844700
-0.000000 -0.533900 0.845500
0.267700 -0.463400 0.844700
0.269000 -0.462700 0.844700
0.463400 -0.267700 0.844700
0.462700 -0.269000 0.844700
0.533900 -0.000000 0.845500
0.463400 0.267700 0.844700
0.462700 0.269000 0.844700
0.267700 0.463400 0.844700
0.269000 0.462700 0.844700
-0.000000 0.533900 0.845500
-0.267700 0.463400 0.844700
-0.269000 0.462700 0.844700
-0.463400 0.267700 0.844700
-0.462700 0.269000 0.844700
48
3 0 1 2 0 0 1 1
3 0 2 3 0 1 1 1
3 4 5 1 2 2 0 1
3 4 1 0 2 0 0 1
3 6 7 5 3 3 3 1
3 6 5 4 3 3 3 1
3 8 9 10 4 4 4 1
3 8 10 11 4 4 4 1
3 9 8 12 5 5 6 1
3 9 12 13 5 6 6 1
3 14 15 13 7 7 6 1
3 14 13 12 7 6 6 1
3 16 17 18 8 8 8 1
3 16 18 19 8 8 8 1
3 17 16 7 9 9 9 1
3 17 7 6 9 9 9 1
3 20 11 10 10 10 10 1
3 20 10 21 10 10 10 1
3 21 22 23 11 11 11 1
3 21 23 20 11 11 11 1
3 2 23 22 1 12 12 1
3 2 22 3 1 12 1 1
3 19 18 15 13 13 7 1
3 19 15 14 13 7 7 1
3 24 25 26 14 15 14 1
3 25 27 26 15 16 14 1
3 25 28 27 15 17 16 1
3 28 29 27 17 18 16 1
3 28 30 29 17 19 18 1
3 30 31 29 19 19 18 1
3 30 32 31 19 20 19 1
3 32 33 31 20 21 19 1
3 32 34 33 20 22 21 1
3 34 35 33 22 23 21 1
3 34 36 35 22 24 23 1
3 36 37 35 24 24 23 1
3 36 38 37 24 25 24 1
3 38 39 37 25 26 24 1
3 38 40 39 25 27 26 1
3 40 41 39 27 28 26 1
3 40 42 41 27 29 28 1
3 42 43 41 29 29 28 1
3 42 44 43 29 30 29 1
3 44 45 43 30 31 29 1
3 44 46 45 30 32 31 1
3 46 47 45 32 33 31 1
3 46 24 47 32 14 33 1
3 24 26 47 14 14 33 1
"ornate" 0 1
9
3 0.000000 -0.000000 -0.396462 0.500000 0.500000 -1
3 -7.622009 -0.000000 -0.396462 0.377844 0.550655 -1
3 -5.387808 -5.387808 -0.396461 0.449458 0.622156 -1
3 0.000000 -7.622009 -0.396461 0.550655 0.622156 -1
3 5.387808 -5.387808 -0.396461 0.622156 0.550542 -1
3 7.622009 -0.000000 -0.396462 0.622156 0.449345 -1
3 5.387808 5.387808 -0.396462 0.550542 0.377844 -1
3 0.000000 7.622009 -0.396462 0.449345 0.377844 -1
3 -5.387808 5.387808 -0.396462 0.377844 0.449458 -1
1
-0.000000 -0.000000 1.000000
8
3 0 1 2 0 0 0 1
3 0 2 3 0 0 0 1
3 0 3 4 0 0 0 1
3 0 4 5 0 0 0 1
3 0 5 6 0 0 0 1
3 0 6 7 0 0 0 1
3 0 7 8 0 0 0 1
3 0 8 1 0 0 0 1


Materials: 2
"default"
1.000000 1.000000 1.000000 1.000000
0.800000 0.800000 0.800000 1.000000
0.000000 0.000000 0.000000 1.000000
0.000000 0.000000 0.000000 1.000000
0.192000
1.000000
"_mine tex.png"
""
"ornate"
0.000000 0.000000 0.000000 1.000000
1.000000 1.000000 1.000000 1.000000
1.000000 1.000000 1.000000 1.000000
0.000000 0.000000 0.000000 1.000000
0.000000
1.000000
"_mine ornate.png"
""

Bones: 1
"joint1"
""
0 0 0 0 0 0 0
2
1.000000 0.000000 0.000000 0.000000
120.000000 0.000000 0.000000 0.000000
3
1.000000 0.000000 0.000000 0.000000
60.000000 0.000000 0.000000 -3.1
120.000000 0.000000 0.000000 -6.2

GroupComments: 0
MaterialComments: 0
BoneComments: 0
ModelComment: 0
