// MilkShape 3D ASCII

Frames: 30
Frame: 1

Meshes: 2
"inkblack arrow mesh border of life" 0 0
85
0 -10.007606 4.000000 -0.000740 0.500000 1.001423 -1
0 -11.910000 3.834810 0.000301 0.000000 1.000000 -1
0 -0.007605 -6.000000 -0.000738 1.000000 1.001423 -1
0 11.910300 3.946955 0.000301 1.000000 1.000000 -1
0 9.992394 4.000000 -0.000740 0.500000 1.000675 -1
0 -0.007605 -6.000000 -0.000738 0.000000 1.000675 -1
0 -10.007606 30.500000 -0.000744 0.999451 1.000549 -1
0 -11.108700 32.821732 0.000299 1.000549 0.000549 -1
0 -11.732900 32.563202 0.000299 0.000549 -0.000549 -1
0 -11.732900 32.563202 0.000299 1.000549 0.000549 -1
0 -11.910000 31.939049 0.000299 0.000549 -0.000549 -1
0 -10.007606 30.500000 -0.000744 1.000000 1.000000 -1
0 -11.910000 6.948467 0.000301 0.000000 0.000000 -1
0 -10.007606 4.000000 -0.000740 0.000000 1.000000 -1
0 -10.007606 30.500000 -0.000744 0.000000 1.000000 -1
0 0.000000 32.821732 0.000299 1.000000 0.000000 -1
0 -11.108700 32.821732 0.000299 0.000000 0.000000 -1
0 11.108700 32.821732 0.000299 0.001833 -0.001826 -1
0 9.992394 30.500000 -0.000744 0.998167 1.001826 -1
0 11.732900 32.530594 0.000299 1.001826 0.001833 -1
0 11.732900 32.530594 0.000299 0.001833 -0.001826 -1
0 11.910300 31.939068 0.000299 1.001826 0.001833 -1
0 9.992394 30.500000 -0.000744 0.000000 1.000000 -1
0 11.910300 6.948467 0.000301 1.000000 0.000000 -1
0 11.910300 31.939068 0.000299 0.000000 0.000000 -1
0 9.992394 30.500000 -0.000744 1.000000 1.000000 -1
0 0.000000 32.821732 0.000299 0.000000 0.000000 -1
0 0.000000 30.500999 0.000299 0.000000 1.000000 -1
0 17.947258 12.743288 0.000301 0.001833 -0.001826 -1
0 18.463732 10.500000 -0.000744 0.998167 1.001826 -1
0 18.597483 13.018636 0.000301 1.001826 0.001833 -1
0 18.597483 13.018636 0.000301 0.001833 -0.001826 -1
0 19.249088 12.746581 0.000301 1.001826 0.001833 -1
0 -19.012512 12.777781 0.000301 0.001833 -0.001826 -1
0 -18.536268 10.500000 -0.000741 0.998167 1.001826 -1
0 -18.391764 13.036960 0.000301 1.001826 0.001833 -1
0 -18.391764 13.036960 0.000301 0.001833 -0.001826 -1
0 -17.772326 12.774653 0.000301 1.001826 0.001833 -1
0 11.910300 3.946955 0.000301 0.000000 1.000000 -1
0 18.463732 10.500000 -0.000744 1.000000 1.000000 -1
0 17.947258 12.743288 0.000301 1.000000 0.000000 -1
0 -31.875999 -2.259821 0.000302 0.001833 -0.001826 -1
0 -30.036268 -1.000000 -0.000740 0.998167 1.001826 -1
0 -32.247803 -1.363461 0.000302 1.001826 0.001833 -1
0 -32.247803 -1.363461 0.000302 0.001833 -0.001826 -1
0 -31.880234 -0.465359 0.000301 1.001826 0.001833 -1
0 -18.536268 10.500000 -0.000741 1.000000 1.000000 -1
0 -31.880234 -0.465359 0.000301 0.000000 0.000000 -1
0 -30.036268 -1.000000 -0.000740 0.000000 1.000000 -1
0 0.000000 -31.000000 -0.000735 0.999451 1.000549 -1
0 -1.070701 -33.184944 0.000304 1.000549 0.000549 -1
0 0.000000 -33.628799 0.000304 0.000549 -0.000549 -1
0 0.000000 -33.628799 0.000304 1.000549 0.000549 -1
0 1.071122 -33.184948 0.000304 0.000549 -0.000549 -1
0 0.000000 -31.000000 -0.000735 0.000000 1.000000 -1
0 -31.875999 -2.259821 0.000302 1.000000 0.000000 -1
0 -1.070701 -33.184944 0.000304 0.000000 0.000000 -1
0 29.963732 -1.000000 -0.000744 1.000232 0.999768 -1
0 31.896915 -2.444906 0.000302 0.999768 -0.000232 -1
0 32.345600 -1.363211 0.000302 -0.000232 0.000232 -1
0 32.345600 -1.363211 0.000302 0.999768 -0.000232 -1
0 31.902027 -0.279417 0.000302 -0.000232 0.000232 -1
0 0.000000 -31.000000 -0.000735 1.000000 1.000000 -1
0 31.896915 -2.444906 0.000302 0.000000 0.000000 -1
0 29.963732 -1.000000 -0.000744 0.000000 1.000000 -1
0 18.463732 10.500000 -0.000744 0.000000 1.000000 -1
0 31.902027 -0.279417 0.000302 1.000000 0.000000 -1
0 19.249088 12.746581 0.000301 0.000000 0.000000 -1
0 -11.910000 6.948467 0.000301 0.000000 1.001423 -1
0 0.000000 -8.000000 -0.000738 1.000000 1.000000 -1
0 0.000000 -8.000000 -0.000738 0.000000 1.000000 -1
0 11.910300 6.948467 0.000301 1.000000 1.000675 -1
0 -11.910000 31.939049 0.000299 1.000000 0.000000 -1
0 0.000000 30.500999 0.000299 1.000000 1.000000 -1
0 9.992394 4.000000 -0.000740 1.000000 1.000000 -1
0 11.108700 32.821732 0.000299 1.000000 0.000000 -1
0 11.910300 6.948467 0.000301 0.000000 0.000000 -1
0 -11.910000 6.948467 0.000301 1.000000 0.000000 -1
0 -17.772326 12.774653 0.000301 0.000000 0.000000 -1
0 -11.910000 3.834810 0.000301 1.000000 1.000000 -1
0 -19.012512 12.777781 0.000301 1.000000 0.000000 -1
0 -30.036268 -1.000000 -0.000740 1.000000 1.000000 -1
0 1.071122 -33.184948 0.000304 1.000000 0.000000 -1
0 29.963732 -1.000000 -0.000744 1.000000 1.000000 -1
0 -18.536268 10.500000 -0.000741 0.000000 1.000000 -1
32
0.000500 0.000300 1.000000
0.000400 0.000100 1.000000
-0.000000 -0.000000 1.000000
-0.000400 0.000100 1.000000
-0.000500 0.000300 1.000000
0.000300 -0.000200 1.000000
0.000100 -0.000400 1.000000
0.000300 -0.000300 1.000000
0.000500 -0.000100 1.000000
0.000300 -0.000000 1.000000
-0.000000 -0.000100 1.000000
-0.000100 -0.000400 1.000000
-0.000300 -0.000200 1.000000
-0.000300 -0.000300 1.000000
-0.000500 -0.000100 1.000000
-0.000300 -0.000000 1.000000
0.000300 -0.000400 1.000000
-0.000000 -0.000400 1.000000
-0.000200 -0.000400 1.000000
-0.000000 -0.000300 1.000000
0.000400 0.000300 1.000000
0.000400 -0.000100 1.000000
0.000500 -0.000000 1.000000
0.000500 -0.000300 1.000000
-0.000000 0.000300 1.000000
0.000200 0.000400 1.000000
-0.000000 0.000400 1.000000
-0.000200 0.000400 1.000000
-0.000400 -0.000100 1.000000
-0.000400 0.000200 1.000000
-0.000400 -0.000000 1.000000
-0.000400 -0.000300 1.000000
40
0 0 1 2 0 1 2 1
0 3 4 5 3 4 2 1
0 6 7 8 5 6 7 1
0 6 9 10 5 7 8 1
0 11 12 13 5 9 0 1
0 14 15 16 5 10 6 1
0 17 18 19 11 12 13 1
0 20 18 21 13 12 14 1
0 22 23 24 12 15 14 1
0 25 26 27 12 10 2 1
0 28 29 30 16 6 17 1
0 31 29 32 17 6 18 1
0 33 34 35 16 19 17 1
0 36 34 37 17 19 13 1
0 38 39 40 3 6 16 1
0 41 42 43 20 21 22 1
0 44 42 45 22 21 23 1
0 46 47 48 19 23 21 1
0 49 50 51 24 25 26 1
0 49 52 53 24 26 27 1
0 54 55 56 24 20 25 1
0 57 58 59 28 29 30 1
0 57 60 61 28 30 31 1
0 62 63 64 24 29 28 1
0 65 66 67 6 31 18 1
0 68 1 0 9 1 0 1
0 1 69 2 1 2 2 1
0 5 70 3 2 2 3 1
0 3 71 4 3 15 4 1
0 11 72 12 5 8 9 1
0 14 73 15 5 2 10 1
0 22 74 23 12 4 15 1
0 25 75 26 12 11 10 1
0 76 38 40 15 3 16 1
0 77 78 79 9 13 1 1
0 46 80 47 19 16 23 1
0 54 81 55 24 21 20 1
0 62 82 63 24 27 29 1
0 65 83 66 6 28 31 1
0 78 84 79 13 19 1 1
"default" 0 1
124
0 -0.007605 -1.690839 5.000000 0.124023 0.593808 -1
0 -0.007605 27.575781 4.999998 0.124023 0.365234 -1
0 -7.128827 27.566521 4.999998 0.074805 0.365234 -1
0 -7.128827 5.309163 5.000000 0.074805 0.539120 -1
0 6.871173 5.309163 5.000000 0.173242 0.539120 -1
0 6.871173 27.566521 4.999998 0.173242 0.365234 -1
0 -0.008304 28.862549 6.899998 0.944734 0.186860 -1
0 -0.007605 27.575781 4.999998 0.943184 0.496900 -1
0 6.871173 27.566521 4.999998 0.943184 0.496900 -1
0 0.000000 -12.375086 5.000001 0.153681 0.558334 -1
0 0.000000 -26.889807 5.000004 0.225846 0.638517 -1
0 18.591969 6.124915 5.000000 0.153681 0.353936 -1
0 -18.408031 6.124915 4.999999 0.681127 0.278530 -1
0 0.000000 -12.375086 5.000001 0.683588 0.066902 -1
0 -19.055231 7.524990 6.900000 0.650506 0.239838 -1
0 0.000000 -28.428684 6.900003 0.273801 0.069444 -1
0 27.449854 -0.942431 6.900001 0.325801 0.540009 -1
0 25.849327 -1.132445 4.999999 0.333985 0.536242 -1
0 0.000000 -26.889807 5.000004 0.285937 0.072690 -1
0 27.449854 -0.942431 6.900001 0.530056 0.489149 -1
0 18.982431 7.524990 6.900000 0.529281 0.420940 -1
0 25.849327 -1.132445 4.999999 0.530832 0.411639 -1
0 -27.522652 -0.942431 6.900001 0.975329 0.168458 -1
0 -25.665390 -1.132445 4.999999 0.973877 0.051460 -1
0 -19.055231 7.524990 6.900000 0.975329 0.045436 -1
0 18.982431 7.524990 6.900000 0.892755 0.244079 -1
0 0.000000 -11.263569 6.900002 0.892755 0.244079 -1
0 0.000000 -12.375086 5.000001 0.892755 0.244079 -1
0 18.982431 7.524990 6.900000 0.887833 0.138265 -1
0 0.000000 -12.375086 5.000001 0.887833 0.138265 -1
0 18.591969 6.124915 5.000000 0.887833 0.138265 -1
0 0.000000 -26.889807 5.000004 0.416530 0.293344 -1
0 -25.665390 -1.132445 4.999999 0.412840 0.497589 -1
0 0.000000 -28.428684 6.900003 0.412840 0.497589 -1
0 0.000000 -11.263569 6.900002 0.680194 0.277613 -1
0 -25.665390 -1.132445 4.999999 0.107526 0.356401 -1
0 0.000000 -26.889807 5.000004 0.035550 0.628298 -1
0 -18.408031 6.124915 4.999999 0.032640 0.358987 -1
0 0.000000 -28.428684 6.900003 0.594402 0.220841 -1
0 0.000000 -31.000000 -0.000735 0.594402 0.222620 -1
0 27.449854 -0.942431 6.900001 0.594955 0.180541 -1
0 18.982431 7.524990 6.900000 0.341539 0.443402 -1
0 18.463732 10.500000 -0.000744 0.340309 0.591049 -1
0 0.000000 -8.000000 -0.000738 0.344000 0.509843 -1
0 0.000000 -8.000000 -0.000738 0.665024 0.682196 -1
0 -18.536268 10.500000 -0.000741 0.469391 0.409050 -1
0 -19.055231 7.524990 6.900000 0.464470 0.409050 -1
0 27.449854 -0.942431 6.900001 0.618418 0.296924 -1
0 29.963732 -1.000000 -0.000744 0.613767 0.520153 -1
0 18.463732 10.500000 -0.000744 0.613767 0.520153 -1
0 18.982431 7.524990 6.900000 0.613767 0.520153 -1
0 -30.036268 -1.000000 -0.000740 0.669671 0.205973 -1
0 0.000000 -31.000000 -0.000735 0.668815 0.094047 -1
0 -27.522652 -0.942431 6.900001 0.669133 0.094821 -1
0 -19.055231 7.524990 6.900000 0.340472 0.581792 -1
0 -18.536268 10.500000 -0.000741 0.337692 0.690750 -1
0 -30.036268 -1.000000 -0.000740 0.271250 0.964873 -1
0 -8.005532 28.703199 6.899998 0.943184 0.496900 -1
0 -7.128827 27.566521 4.999998 0.943184 0.496900 -1
0 -0.008304 -3.674000 6.900001 0.463317 0.572001 -1
0 -0.007605 -1.690839 5.000000 0.464522 0.506897 -1
0 -7.128827 5.309163 5.000000 0.464522 0.506897 -1
0 -7.991216 4.528068 6.900000 0.466934 0.506880 -1
0 -0.008304 -3.674000 6.900001 0.462111 0.567178 -1
0 -7.128827 5.309163 5.000000 0.462111 0.567178 -1
0 -27.522652 -0.942431 6.900001 0.412840 0.497589 -1
0 -0.008304 -3.674000 6.900001 0.374291 0.070432 -1
0 7.988924 4.545655 6.900000 0.424270 0.314593 -1
0 6.871173 5.309163 5.000000 0.372741 0.067331 -1
0 -0.008304 -3.674000 6.900001 0.374599 0.061902 -1
0 6.871173 5.309163 5.000000 0.373049 0.058801 -1
0 -0.007605 -1.690839 5.000000 0.389275 0.138219 -1
0 8.084631 28.862549 6.899998 0.943184 0.496900 -1
0 -10.007606 4.000000 -0.000740 0.572802 0.460699 -1
0 -0.007605 -6.000000 -0.000738 0.575902 0.662228 -1
0 -0.008304 -3.674000 6.900001 0.574352 0.470004 -1
0 8.084631 28.862549 6.899998 0.451027 0.368939 -1
0 6.871173 27.566521 4.999998 0.446106 0.450145 -1
0 6.871173 5.309163 5.000000 0.447121 0.524803 -1
0 -7.991216 4.528068 6.900000 0.752314 0.332228 -1
0 -7.128827 5.309163 5.000000 0.752314 0.585006 -1
0 -8.005532 28.703199 6.899998 0.753716 0.473934 -1
0 8.084631 28.862549 6.899998 0.339634 0.088014 -1
0 9.992394 30.500000 -0.000744 0.339645 0.087814 -1
0 -0.008304 28.862549 6.899998 0.283324 0.089900 -1
0 -7.991216 4.528068 6.900000 0.578744 0.662224 -1
0 9.992394 4.000000 -0.000740 0.949655 0.396672 -1
0 9.992394 30.500000 -0.000744 0.951206 0.027725 -1
0 7.988924 4.545655 6.900000 0.946410 0.399127 -1
0 -0.008304 28.862549 6.899998 0.283251 0.089945 -1
0 -0.007605 30.500000 -0.000744 0.283370 0.089466 -1
0 -10.007606 30.500000 -0.000744 0.339847 0.088204 -1
0 -8.005532 28.703199 6.899998 0.339450 0.087723 -1
0 -0.008304 -3.674000 6.900001 0.888163 0.227224 -1
0 -0.007605 -6.000000 -0.000738 0.924273 0.098492 -1
0 9.992394 4.000000 -0.000740 0.894364 0.098004 -1
0 -0.008304 -3.674000 6.900001 0.888146 0.226464 -1
0 9.992394 4.000000 -0.000740 0.892475 0.093738 -1
0 7.988924 4.545655 6.900000 0.924097 0.098292 -1
0 -0.007605 30.500000 -0.000744 0.283501 0.090445 -1
0 18.982431 7.524990 6.900000 0.342314 0.440905 -1
0 0.000000 -8.000000 -0.000738 0.343271 0.598235 -1
0 0.000000 -11.263569 6.900002 0.343271 0.605807 -1
0 -19.055231 7.524990 6.900000 0.339614 0.556037 -1
0 -30.036268 -1.000000 -0.000740 0.271943 0.957127 -1
0 -27.522652 -0.942431 6.900001 0.279325 0.905451 -1
0 0.000000 -11.263569 6.900002 0.669371 0.677613 -1
0 0.000000 -8.000000 -0.000738 0.669371 0.670041 -1
0 -19.055231 7.524990 6.900000 0.473128 0.393719 -1
0 29.963732 -1.000000 -0.000744 0.594955 0.180541 -1
0 -18.408031 6.124915 4.999999 0.972966 0.286292 -1
0 25.849327 -1.132445 4.999999 0.225846 0.353936 -1
0 18.591969 6.124915 5.000000 0.530056 0.344980 -1
0 7.988924 4.545655 6.900000 0.448102 0.285931 -1
0 -8.005532 28.703199 6.899998 0.504900 0.663670 -1
0 -10.007606 30.500000 -0.000744 0.445571 0.177559 -1
0 -7.991216 4.528068 6.900000 0.504478 0.667421 -1
0 -7.128827 27.566521 4.999998 0.753716 0.473934 -1
0 8.084631 28.862549 6.899998 0.946410 0.028426 -1
0 -10.007606 4.000000 -0.000740 0.504478 0.667421 -1
0 0.000000 -28.428684 6.900003 0.669434 0.204017 -1
0 0.000000 -26.889807 5.000004 0.035542 0.628103 -1
0 0.000000 -12.375086 5.000001 0.107842 0.560264 -1
0 -18.408031 6.124915 4.999999 0.106863 0.355602 -1
36
-0.007300 0.507200 0.861800
-0.000000 -0.468900 0.883200
0.444800 -0.386400 0.808000
0.552800 0.192500 0.810800
-0.510800 0.187400 0.839000
-0.386200 -0.371900 0.844100
-0.002700 0.181000 0.983500
0.000200 -0.271200 0.962500
0.001500 0.570500 0.821300
0.071600 -0.597100 0.799000
-0.120800 -0.606700 0.785700
0.005000 0.459700 0.888000
0.001600 -0.485500 0.874200
0.494100 -0.008700 0.869400
-0.562400 0.033800 0.826200
0.011900 0.455000 0.890400
-0.514200 -0.006600 0.857600
0.525600 0.032200 0.850100
0.000800 -0.341600 0.939900
0.000500 -0.937100 0.349200
-0.023000 0.917400 0.397200
-0.001100 0.902200 0.431300
0.022200 0.917500 0.397200
0.939600 -0.002500 0.342300
-0.939600 -0.002900 0.342300
-0.338000 0.322000 0.884300
-0.002500 -0.530800 0.847500
-0.305800 -0.099600 0.946900
0.330900 -0.122900 0.935600
0.352400 0.366100 0.861300
-0.890600 -0.355800 0.283300
-0.000000 -0.947600 0.319400
0.671300 0.656900 0.343300
0.890600 -0.356400 0.282500
-0.000000 0.973000 0.230900
-0.668100 0.652900 0.356900
56
0 0 1 2 0 1 2 1
0 0 2 3 0 2 3 1
0 4 5 0 4 5 0 1
0 6 7 8 6 1 5 1
0 9 10 11 7 8 9 1
0 5 1 0 5 1 0 1
0 12 13 14 10 7 11 1
0 15 16 17 12 13 14 1
0 15 17 18 12 14 8 1
0 19 20 21 13 15 14 1
0 22 23 24 16 17 11 1
0 25 26 27 15 18 7 1
0 28 29 30 15 7 9 1
0 31 32 33 8 17 12 1
0 13 34 14 7 18 11 1
0 35 36 37 17 8 10 1
0 38 39 40 12 19 13 1
0 41 42 43 15 20 21 1
0 44 45 46 21 22 11 1
0 47 48 49 13 23 20 1
0 47 49 50 13 20 15 1
0 51 52 53 24 19 16 1
0 54 55 56 11 22 24 1
0 6 57 58 6 25 2 1
0 6 58 7 6 2 1 1
0 59 60 61 26 0 3 1
0 62 63 64 27 26 3 1
0 32 65 33 17 16 12 1
0 66 67 68 26 28 4 1
0 69 70 71 26 4 0 1
0 72 6 8 29 6 5 1
0 73 74 75 30 31 26 1
0 76 77 78 29 5 4 1
0 79 80 81 27 3 25 1
0 82 83 84 29 32 6 1
0 85 73 75 27 30 26 1
0 86 87 88 33 32 28 1
0 89 90 91 6 34 35 1
0 89 91 92 6 35 25 1
0 93 94 95 26 31 33 1
0 96 97 98 26 33 28 1
0 83 99 84 32 34 6 1
0 100 101 102 15 21 18 1
0 103 104 105 11 24 16 1
0 106 107 108 18 21 11 1
0 39 109 40 19 23 13 1
0 23 110 24 17 10 11 1
0 10 111 11 8 14 9 1
0 20 112 21 15 9 14 1
0 113 76 78 28 29 4 1
0 114 115 116 25 35 27 1
0 80 117 81 3 2 25 1
0 87 118 88 32 29 28 1
0 116 115 119 27 35 30 1
0 52 120 53 19 12 16 1
0 121 122 123 8 7 10 1

Materials: 3
"outline"
1.000000 1.000000 1.000000 1.000000
0.800000 0.800000 0.800000 1.000000
0.500000 0.500000 0.500000 1.000000
0.000000 0.000000 0.000000 1.000000
0.192000
1.000000
"textures/border_of_life.png"
""
"Material01"
0.000000 0.000000 0.000000 1.000000
1.000000 1.000000 1.000000 1.000000
1.000000 1.000000 1.000000 1.000000
0.000000 0.000000 0.000000 1.000000
0.000000
1.000000
"textures/texcher_4th.png"
""
"Material02"
0.000000 0.000000 0.000000 1.000000
1.000000 1.000000 1.000000 1.000000
1.000000 1.000000 1.000000 1.000000
0.000000 0.000000 0.000000 1.000000
0.000000
1.000000
"textures/ornate_4th.png"
""

Bones: 0
GroupComments: 0
MaterialComments: 0
BoneComments: 0
ModelComment: 0
