// MilkShape 3D ASCII

Frames: 30
Frame: 1

Meshes: 3
"inkblack arrow mesh border of life" 0 0
106
3 0.000000 -5.137908 0.000000 0.000000 1.000000 -1
3 -9.660185 4.522276 -0.000000 1.000000 1.000000 -1
3 -11.510276 6.948467 -0.000000 1.000000 0.000000 -1
3 0.000846 -7.709101 0.000002 0.000000 0.000000 -1
3 9.660185 4.522276 -0.000000 0.000000 1.000000 -1
3 0.000000 -5.137908 0.000000 1.000000 1.000000 -1
3 0.000846 -7.709101 0.000002 1.000000 0.000000 -1
3 11.511969 6.948467 -0.000000 0.000000 0.000000 -1
3 -11.808359 3.167025 -0.000638 0.000000 1.000000 -1
3 0.000000 -8.641335 0.000690 1.000000 1.000000 -1
3 -11.510276 6.948467 -0.000000 0.000000 0.000000 -1
3 0.000000 -8.641335 0.000690 0.000000 1.000000 -1
3 11.808358 3.167025 0.001322 1.000000 1.000000 -1
3 11.511969 6.948467 -0.000000 1.000000 0.000000 -1
3 -8.816691 30.358658 -0.000008 0.999451 1.000549 -1
3 -10.627589 32.821732 -0.000008 1.000549 0.000549 -1
3 -11.251744 32.563202 -0.000008 0.000549 -0.000549 -1
3 -9.413133 30.111605 -0.000008 -0.000549 0.999451 -1
3 -9.413133 30.111605 -0.000008 0.999451 1.000549 -1
3 -11.251744 32.563202 -0.000008 1.000549 0.000549 -1
3 -11.510276 31.939047 -0.000008 0.000549 -0.000549 -1
3 -9.660185 29.515165 -0.000008 -0.000549 0.999451 -1
3 -9.660185 4.522276 -0.000000 0.000000 1.000000 -1
3 -9.660185 29.515165 -0.000008 1.000000 1.000000 -1
3 -11.510276 31.939047 -0.000008 1.000000 0.000000 -1
3 -8.816691 30.358658 -0.000008 0.000000 1.000000 -1
3 0.000000 30.358658 -0.000008 1.000000 1.000000 -1
3 0.000846 32.821732 -0.000008 1.000000 0.000000 -1
3 -10.627589 32.821732 -0.000008 0.000000 0.000000 -1
3 10.629295 32.821732 -0.000008 0.001833 -0.001826 -1
3 8.710303 30.358658 -0.000008 -0.001826 0.998167 -1
3 9.381970 30.080444 -0.000008 0.998167 1.001826 -1
3 11.253428 32.530594 -0.000008 1.001826 0.001833 -1
3 11.253428 32.530594 -0.000008 0.001833 -0.001826 -1
3 9.381970 30.080444 -0.000008 -0.001826 0.998167 -1
3 9.660185 29.408775 -0.000008 0.998167 1.001826 -1
3 11.511969 31.939068 -0.000008 1.001826 0.001833 -1
3 9.660185 29.408775 -0.000008 0.000000 1.000000 -1
3 9.660185 4.522276 -0.000000 1.000000 1.000000 -1
3 11.511969 31.939068 -0.000008 0.000000 0.000000 -1
3 0.000000 30.358658 -0.000008 0.000000 1.000000 -1
3 8.710303 30.358658 -0.000008 1.000000 1.000000 -1
3 10.629295 32.821732 -0.000008 1.000000 0.000000 -1
3 0.000846 32.821732 -0.000008 0.000000 0.000000 -1
3 17.845266 12.816108 0.008903 0.001833 -0.001826 -1
3 18.107325 9.593791 0.009567 -0.001826 0.998167 -1
3 18.728676 9.856913 0.011071 0.998167 1.001826 -1
3 18.495491 13.091455 0.010303 1.001826 0.001833 -1
3 18.495491 13.091455 0.010303 0.001833 -0.001826 -1
3 18.728676 9.856913 0.011071 -0.001826 0.998167 -1
3 19.351349 9.596938 0.013554 0.998167 1.001826 -1
3 19.147097 12.819401 0.012584 1.001826 0.001833 -1
3 11.808358 3.167025 0.001322 0.000000 1.000000 -1
3 18.107325 9.593791 0.009567 1.000000 1.000000 -1
3 17.845266 12.816108 0.008903 1.000000 0.000000 -1
3 -19.114504 12.850600 -0.000003 0.001833 -0.001826 -1
3 -19.321814 9.626741 0.000752 -0.001826 0.998167 -1
3 -18.728626 9.874414 0.000671 0.998167 1.001826 -1
3 -18.493755 13.109779 -0.000004 1.001826 0.001833 -1
3 -18.493755 13.109779 -0.000004 0.001833 -0.001826 -1
3 -18.728626 9.874414 0.000671 -0.001826 0.998167 -1
3 -18.136694 9.623753 0.000571 0.998167 1.001826 -1
3 -17.874317 12.847473 -0.000003 1.001826 0.001833 -1
3 -18.136694 9.623753 0.000571 0.000000 1.000000 -1
3 -11.808359 3.167025 -0.000638 1.000000 1.000000 -1
3 -17.874317 12.847473 -0.000003 0.000000 0.000000 -1
3 -31.977991 -2.259821 0.000001 0.001833 -0.001826 -1
3 -28.954491 -1.821586 0.001868 -0.001826 0.998167 -1
3 -29.309786 -0.965029 0.001893 0.998167 1.001826 -1
3 -32.349792 -1.363462 0.000000 1.001826 0.001833 -1
3 -32.349792 -1.363462 0.000000 0.001833 -0.001826 -1
3 -29.309786 -0.965029 0.001893 -0.001826 0.998167 -1
3 -28.958536 -0.106803 0.001847 0.998167 1.001826 -1
3 -31.982225 -0.465359 0.000000 1.001826 0.001833 -1
3 -28.958536 -0.106803 0.001847 0.000000 1.000000 -1
3 -19.321814 9.626741 0.000752 1.000000 1.000000 -1
3 -19.114504 12.850600 -0.000003 1.000000 0.000000 -1
3 -31.982225 -0.465359 0.000000 0.000000 0.000000 -1
3 -1.023354 -29.768257 -0.000589 0.999451 1.000549 -1
3 -1.070064 -33.184944 0.000010 1.000549 0.000549 -1
3 0.000847 -33.628773 0.000667 0.000549 -0.000549 -1
3 0.000006 -30.192383 0.000026 -0.000549 0.999451 -1
3 0.000006 -30.192383 0.000026 0.999451 1.000549 -1
3 0.000847 -33.628773 0.000667 1.000549 0.000549 -1
3 1.071759 -33.184948 0.002250 0.000549 -0.000549 -1
3 1.023367 -29.768261 0.001638 -0.000549 0.999451 -1
3 -1.023354 -29.768257 -0.000589 0.000000 1.000000 -1
3 -28.954491 -1.821586 0.001868 1.000000 1.000000 -1
3 -31.977991 -2.259821 0.000001 1.000000 0.000000 -1
3 -1.070064 -33.184944 0.000010 0.000000 0.000000 -1
3 28.777922 -1.998458 0.064468 1.000232 0.999768 -1
3 31.794924 -2.444906 0.066492 0.999768 -0.000232 -1
3 32.243610 -1.363211 0.066688 -0.000232 0.000232 -1
3 29.206688 -0.964795 0.064588 0.000232 1.000232 -1
3 29.206688 -0.964795 0.064588 1.000232 0.999768 -1
3 32.243610 -1.363211 0.066688 0.999768 -0.000232 -1
3 31.800037 -0.279417 0.063970 -0.000232 0.000232 -1
3 28.782810 0.070875 0.061575 0.000232 1.000232 -1
3 28.777922 -1.998458 0.064468 0.000000 1.000000 -1
3 1.023367 -29.768261 0.001638 1.000000 1.000000 -1
3 1.071759 -33.184948 0.002250 1.000000 0.000000 -1
3 31.794924 -2.444906 0.066492 0.000000 0.000000 -1
3 19.351349 9.596938 0.013554 0.000000 1.000000 -1
3 28.782810 0.070875 0.061575 1.000000 1.000000 -1
3 31.800037 -0.279417 0.063970 1.000000 0.000000 -1
3 19.147097 12.819401 0.012584 0.000000 0.000000 -1
30
-0.000000 -0.000000 1.000000
-0.000200 0.000200 1.000000
-0.000700 0.000100 1.000000
-0.000300 0.000200 1.000000
-0.000800 0.000300 1.000000
-0.002000 0.000100 1.000000
-0.001800 0.000100 1.000000
-0.003000 -0.000000 1.000000
-0.002900 0.001300 1.000000
-0.003400 0.000500 1.000000
-0.000100 0.000300 1.000000
-0.000300 0.000400 1.000000
0.000100 0.000200 1.000000
0.000100 0.000100 1.000000
-0.000400 -0.000200 1.000000
-0.000300 -0.000200 1.000000
-0.000600 -0.000000 1.000000
-0.000500 0.000400 1.000000
-0.000600 0.000300 1.000000
-0.000300 -0.000100 1.000000
-0.000400 0.000100 1.000000
-0.001100 0.000200 1.000000
-0.001600 -0.000000 1.000000
-0.001600 -0.000300 1.000000
-0.001200 -0.000300 1.000000
-0.001000 -0.000100 1.000000
-0.000600 0.001200 1.000000
-0.000500 0.001400 1.000000
-0.000900 0.002400 1.000000
-0.001900 0.002100 1.000000
56
3 0 1 2 0 0 0 1
3 0 2 3 0 0 1 1
3 4 5 6 0 0 1 1
3 4 6 7 0 1 2 1
3 8 9 6 0 3 1 1
3 8 6 10 0 1 0 1
3 11 12 13 3 4 2 1
3 11 13 3 3 2 1 1
3 14 15 16 0 0 0 1
3 14 16 17 0 0 0 1
3 18 19 20 0 0 0 1
3 18 20 21 0 0 0 1
3 22 23 24 0 0 0 1
3 22 24 10 0 0 0 1
3 25 26 27 0 0 0 1
3 25 27 28 0 0 0 1
3 29 30 31 0 0 0 1
3 29 31 32 0 0 0 1
3 33 34 35 0 0 0 1
3 33 35 36 0 0 0 1
3 37 38 13 0 0 2 1
3 37 13 39 0 2 0 1
3 40 41 42 0 0 0 1
3 40 42 43 0 0 0 1
3 44 45 46 5 6 7 1
3 44 46 47 5 7 7 1
3 48 49 50 7 7 8 1
3 48 50 51 7 8 9 1
3 52 53 54 4 6 5 1
3 52 54 7 4 5 2 1
3 55 56 57 10 11 12 1
3 55 57 58 10 12 12 1
3 59 60 61 12 12 13 1
3 59 61 62 12 13 13 1
3 63 64 2 13 0 0 1
3 63 2 65 13 0 13 1
3 66 67 68 14 15 16 1
3 66 68 69 14 16 16 1
3 70 71 72 16 16 17 1
3 70 72 73 16 17 18 1
3 74 75 76 17 11 10 1
3 74 76 77 17 10 18 1
3 78 79 80 19 20 21 1
3 78 80 81 19 21 21 1
3 82 83 84 21 21 22 1
3 82 84 85 21 22 23 1
3 86 87 88 19 15 14 1
3 86 88 89 19 14 20 1
3 90 91 92 24 25 26 1
3 90 92 93 24 26 27 1
3 94 95 96 27 26 28 1
3 94 96 97 27 28 29 1
3 98 99 100 24 23 22 1
3 98 100 101 24 22 25 1
3 102 103 104 8 29 28 1
3 102 104 105 8 28 9 1
"default" 0 1
109
1 -18.500000 10.500000 -0.000000 0.430226 0.582167 -1
1 -30.000000 -1.000000 2.259127 0.363815 0.768769 -1
1 -18.500000 10.500000 2.279908 0.416299 0.636343 -1
1 0.000000 -31.000000 0.000003 0.325438 0.788227 -1
1 30.000000 -1.000000 0.000000 0.441874 0.999499 -1
1 30.000000 -1.000000 2.322359 0.463369 0.947195 -1
1 30.000000 -1.000000 0.000000 0.582045 0.642062 -1
1 18.500000 10.500000 -0.000000 0.630789 0.765137 -1
1 30.000000 -1.000000 2.322359 0.603540 0.589759 -1
1 0.000000 -8.000000 2.292477 0.490903 0.730841 -1
1 0.000000 -8.000000 0.000001 0.510132 0.619339 -1
1 10.000000 30.500000 2.307609 0.488384 0.739345 -1
1 10.000000 30.500000 0.085503 0.513800 0.773313 -1
1 -10.000000 30.500000 0.085503 0.584641 0.760198 -1
1 -10.000000 30.500000 2.307609 0.606070 0.701153 -1
1 -10.000000 4.000000 2.307611 0.624279 0.981320 -1
1 -10.000000 4.000000 0.085505 0.588343 0.925889 -1
1 0.000000 -5.686499 2.307612 0.547809 0.970278 -1
1 -9.156799 29.523315 2.307609 0.586102 0.690893 -1
1 9.156769 29.522865 2.307609 0.460659 0.689394 -1
1 10.000000 30.500000 2.307609 0.452305 0.723109 -1
1 9.156769 29.522865 2.307609 0.581676 0.730327 -1
1 10.000000 4.000000 2.307611 0.588720 0.965443 -1
1 10.000000 30.500000 2.307609 0.589362 0.719934 -1
1 -9.156769 4.271897 2.307611 0.460788 0.959767 -1
1 -9.156799 29.523315 2.307609 0.460846 0.733251 -1
1 -10.000000 4.000000 2.307611 0.452503 0.968740 -1
1 -0.000000 -4.420384 2.307612 0.530037 0.969970 -1
1 0.000000 -5.686499 2.307612 0.531470 0.973486 -1
1 9.156769 4.271897 2.307611 0.581618 0.956843 -1
1 -5.859115 25.819363 7.455309 0.272110 0.527080 -1
1 5.859115 25.819363 7.455309 0.268869 0.510166 -1
1 -9.156799 29.523315 2.307609 0.273437 0.523137 -1
1 5.859114 5.856141 7.455311 0.268366 0.512599 -1
1 9.156769 29.522865 2.307609 0.267429 0.506360 -1
1 -5.859114 5.856141 7.455311 0.272343 0.511853 -1
1 -9.156769 4.271897 2.307611 0.270493 0.519082 -1
1 0.000000 -0.093610 7.455311 0.270586 0.506394 -1
1 -0.000000 -4.420384 2.307612 0.268765 0.510018 -1
1 9.156769 4.271897 2.307611 0.266693 0.508191 -1
1 28.310608 -1.000000 2.319308 0.584922 0.740265 -1
1 0.000000 -31.000000 2.317939 0.593551 0.972632 -1
1 30.000000 -1.000000 2.322359 0.590298 0.740678 -1
1 0.000000 -9.689392 2.332744 0.512199 0.913393 -1
1 18.316677 9.072498 2.312293 0.537290 0.693380 -1
1 18.500000 10.500000 2.345506 0.519152 0.674513 -1
1 0.000000 -29.500000 2.339880 0.353544 0.951759 -1
1 -28.310608 -1.000000 2.259127 0.383233 0.718867 -1
1 0.000000 -31.000000 2.317939 0.344170 0.973077 -1
1 -18.316999 9.072500 2.310674 0.459951 0.695108 -1
1 0.000000 -9.689392 2.332744 0.433314 0.928946 -1
1 -18.500000 10.500000 2.279908 0.464137 0.671861 -1
1 -30.000000 -1.000000 2.259127 0.376389 0.703665 -1
1 23.920000 -1.109100 7.455311 0.279398 0.347905 -1
1 0.000000 -29.500000 2.339880 0.276726 0.348823 -1
1 28.310608 -1.000000 2.319308 0.277213 0.345316 -1
1 0.018187 -13.607031 7.455312 0.281201 0.342707 -1
1 18.409000 4.420101 7.455311 0.281124 0.352169 -1
1 18.316677 9.072498 2.312293 0.277304 0.346462 -1
1 0.000000 -25.196552 7.455313 0.275458 0.344814 -1
1 -23.920113 -1.109121 7.449560 0.279716 0.337753 -1
1 -18.409065 4.420114 7.455311 0.279654 0.337132 -1
1 -18.316999 9.072500 2.310674 0.278661 0.338274 -1
1 -28.310608 -1.000000 2.259127 0.277951 0.340285 -1
1 0.000000 -9.689392 2.332744 0.279712 0.346235 -1
1 0.000000 -8.000000 2.292477 0.460961 0.931563 -1
1 0.000000 -8.000000 2.292477 0.492375 0.886538 -1
1 0.000000 -29.500000 2.339880 0.579465 0.975079 -1
1 -30.000000 -1.000000 2.259127 0.583416 0.740735 -1
1 0.000000 -31.000000 0.000003 0.543872 0.998484 -1
1 0.000000 -31.000000 2.317939 0.470812 0.941342 -1
1 0.000000 -31.000000 2.317939 0.366851 0.759120 -1
1 18.500000 10.500000 2.345506 0.640609 0.634387 -1
1 -10.000000 30.500000 2.307609 0.453146 0.723231 -1
1 -10.000000 30.500000 2.307609 0.593378 0.720573 -1
1 10.000000 4.000000 2.307611 0.492220 0.976343 -1
1 0.000000 -5.686500 2.393117 0.549233 0.952970 -1
1 10.000000 4.000000 2.307611 0.513269 0.935552 -1
1 -30.000000 -1.000000 2.259127 0.624361 0.768023 -1
1 -30.000000 -1.000000 0.000000 0.624361 0.768023 -1
1 0.000000 -5.686500 0.085506 0.549233 0.952970 -1
1 10.000000 4.000000 0.085505 0.513269 0.935552 -1
1 -30.000000 -1.000000 2.259127 0.352587 0.750530 -1
1 -18.500000 10.500000 -0.000000 0.429547 0.570240 -1
1 -30.000000 -1.000000 0.000000 0.352587 0.750530 -1
1 -6.503583 27.391262 2.340352 0.272110 0.527080 -1
1 -6.503582 5.868663 2.340353 0.272343 0.511853 -1
1 -23.829180 -1.127308 2.280326 0.279716 0.337753 -1
1 0.000000 -25.720331 2.280328 0.275458 0.344814 -1
1 -18.238110 4.487041 2.280326 0.279654 0.337132 -1
1 18.500000 5.220332 2.280326 0.281124 0.352169 -1
1 0.000000 -13.279669 2.280327 0.281201 0.342707 -1
1 6.503582 5.868663 2.340353 0.268366 0.512599 -1
1 6.503583 27.391262 2.340352 0.268869 0.510166 -1
1 0.000000 -0.818710 2.340354 0.270586 0.506394 -1
1 24.720331 -1.000000 2.280326 0.279398 0.347905 -1
1 5.859115 25.819363 7.455309 0.096146 0.716822 -1
1 -5.859115 25.819363 7.455309 0.157497 0.713763 -1
1 0.000000 -0.093610 7.455311 0.126809 0.978182 -1
1 5.859114 5.856141 7.455311 0.096081 0.898083 -1
1 -5.859114 5.856141 7.455311 0.157431 0.895025 -1
1 23.920000 -1.109100 7.455311 0.200891 0.764486 -1
1 18.409000 4.420101 7.455311 0.150213 0.734152 -1
1 0.000000 -25.196552 7.455313 0.202755 0.965013 -1
1 0.000000 -25.196552 7.455313 0.056846 0.969154 -1
1 0.018187 -13.607031 7.455312 0.105068 0.938724 -1
1 -18.409065 4.420114 7.455311 0.106030 0.742486 -1
1 0.018187 -13.607031 7.455312 0.153991 0.938262 -1
1 -23.920113 -1.109121 7.449560 0.063196 0.766465 -1
56
-0.707100 0.707100 -0.000000
0.707100 -0.707100 -0.000000
0.707100 0.707100 -0.000000
-0.000000 1.000000 -0.000000
-1.000000 -0.000000 -0.000000
-0.695800 -0.718300 -0.000000
-0.000000 -0.000000 1.000000
-0.000000 0.811700 0.584100
0.842000 -0.000000 0.539400
-0.842000 -0.000000 0.539400
-0.613700 -0.604400 0.508000
0.573500 -0.604100 0.553300
-0.001800 0.001700 1.000000
0.028700 -0.026900 0.999200
-0.017600 -0.014600 0.999700
0.024000 0.024600 0.999400
-0.018800 -0.020800 0.999600
-0.000000 -0.001800 1.000000
0.610800 -0.606300 0.509200
-0.584600 0.596400 0.550000
-0.610500 -0.606100 0.509900
0.583900 0.596900 0.550200
0.601900 0.597600 0.529800
-0.605600 0.598200 0.524800
0.631400 0.617000 0.469600
0.023100 0.023800 0.999400
-0.600800 0.598200 0.530300
-0.023800 0.018500 0.999500
-0.026700 0.023800 0.999400
-0.630100 0.615700 0.473100
-0.000000 0.002000 1.000000
-0.612800 -0.607300 0.505600
0.610400 -0.606100 0.509900
0.015400 -0.014600 0.999800
-0.001800 -0.001100 1.000000
0.601800 0.599900 0.527200
-0.707100 -0.707100 -0.000000
0.613700 -0.604400 0.508000
-0.573500 -0.604100 0.553300
-0.000000 0.811700 0.584000
1.000000 -0.000000 -0.000000
0.695800 0.718300 -0.000000
-0.695800 0.718300 -0.000000
0.695800 -0.718300 -0.000000
-0.992200 -0.000000 0.125000
-0.713600 -0.699900 0.030400
-0.708300 0.705700 -0.014600
-0.701800 0.708700 0.072300
0.992200 -0.000000 0.125000
0.711700 -0.696200 0.093300
0.702400 0.701300 0.122100
-0.000000 0.955900 0.293800
0.705900 -0.703500 0.082800
-0.711700 -0.696200 0.093300
0.698100 0.715100 0.037500
-0.000600 -0.000400 1.000000
97
1 0 1 2 0 0 0 1
1 3 4 5 1 1 1 1
1 6 7 8 2 2 2 1
1 9 10 0 2 2 2 1
1 11 12 13 3 3 3 1
1 14 13 15 4 4 4 1
1 15 16 17 5 5 5 1
1 18 19 20 6 6 6 1
1 21 22 23 6 6 6 1
1 24 25 26 6 6 6 1
1 27 26 28 6 6 6 1
1 29 27 22 6 6 6 1
1 30 31 32 7 7 7 1
1 31 33 34 8 8 8 1
1 35 32 36 9 9 9 1
1 37 35 38 10 10 10 1
1 33 38 39 11 11 11 1
1 40 41 42 12 12 12 1
1 43 44 45 13 13 13 1
1 46 47 48 14 14 14 1
1 49 50 51 15 15 15 1
1 44 42 45 16 16 16 1
1 47 51 52 17 17 17 1
1 53 54 55 18 18 18 1
1 56 57 58 19 19 19 1
1 59 60 54 20 20 20 1
1 61 56 62 21 21 21 1
1 57 55 58 22 22 22 1
1 60 62 63 23 23 23 1
1 62 56 64 24 24 24 1
1 51 50 65 25 25 25 1
1 62 60 61 26 26 26 1
1 51 47 49 27 27 27 1
1 45 66 43 28 28 28 1
1 58 64 56 29 29 29 1
1 48 47 52 30 30 30 1
1 54 60 63 31 31 31 1
1 54 53 59 32 32 32 1
1 41 40 67 33 33 33 1
1 42 44 40 34 34 34 1
1 55 57 53 35 35 35 1
1 68 69 70 36 36 36 1
1 5 71 3 1 1 1 1
1 8 7 72 2 2 2 1
1 9 0 2 2 2 2 1
1 32 35 30 9 9 9 1
1 26 25 73 6 6 6 1
1 34 33 39 8 8 8 1
1 22 21 29 6 6 6 1
1 38 33 37 37 37 37 1
1 38 35 36 38 38 38 1
1 26 27 24 6 6 6 1
1 22 27 28 6 6 6 1
1 20 74 18 6 6 6 1
1 32 31 34 39 39 39 1
1 15 13 16 4 4 4 1
1 13 14 11 3 3 3 1
1 12 11 75 40 40 40 1
1 17 16 76 41 41 41 1
1 77 17 76 42 42 42 1
1 76 16 76 6 6 6 1
1 77 76 76 6 6 6 1
1 78 79 69 36 36 36 1
1 77 76 80 43 43 43 1
1 77 80 81 43 43 43 1
1 12 77 81 40 40 40 1
1 76 16 80 5 5 5 1
1 82 83 84 0 0 0 1
1 30 85 86 44 44 44 1
1 30 86 35 44 44 44 1
1 60 87 88 45 45 45 1
1 60 88 59 45 45 45 1
1 61 89 87 46 46 46 1
1 61 87 60 46 46 46 1
1 57 90 91 47 47 47 1
1 57 91 56 47 47 47 1
1 33 92 93 48 48 48 1
1 33 93 31 48 48 48 1
1 37 94 92 49 49 49 1
1 37 92 33 49 49 49 1
1 53 95 90 50 50 50 1
1 53 90 57 50 50 50 1
1 31 93 85 51 51 51 1
1 31 85 30 51 51 51 1
1 59 88 95 52 52 52 1
1 59 95 53 52 52 52 1
1 35 86 94 53 53 53 1
1 35 94 37 53 53 53 1
1 56 91 89 54 54 54 1
1 56 89 61 54 54 54 1
1 96 97 98 6 6 6 1
1 98 99 96 6 6 6 1
1 97 100 98 6 6 6 1
1 101 102 103 6 6 6 1
1 104 105 106 6 6 6 1
1 103 102 107 6 6 6 1
1 106 108 104 55 55 55 1
"inner frame" 0 1
26
3 22.673000 -1.251400 8.188477 0.906178 0.756633 -1
3 0.000000 -25.196552 8.188478 0.936917 1.020525 -1
3 23.920000 -1.109100 8.188477 0.914189 0.741481 -1
3 0.000000 -14.823844 8.188478 0.885065 0.975117 -1
3 18.280001 2.984800 8.188477 0.864218 0.719223 -1
3 18.409000 4.420100 8.188477 0.858408 0.696852 -1
3 0.000000 -23.857262 8.188478 0.743768 0.991997 -1
3 -22.673326 -1.251415 8.241274 0.774831 0.742063 -1
3 0.000000 -25.196552 8.188478 0.738248 0.990252 -1
3 -18.280012 2.984767 8.188477 0.814309 0.721498 -1
3 0.000000 -14.823844 8.188478 0.793816 0.966527 -1
3 -18.409065 4.420113 8.188477 0.819835 0.692331 -1
3 -23.920113 -1.109121 8.182724 0.764720 0.727127 -1
3 0.000000 -23.857262 8.188478 0.932826 1.012947 -1
3 0.018187 -13.607031 8.188478 0.817941 0.953389 -1
3 0.018187 -13.607031 8.188478 0.861821 0.957525 -1
3 5.859114 5.856140 8.192389 0.880370 0.930368 -1
3 4.965323 25.004480 8.192387 0.861388 0.686596 -1
3 4.965322 6.493312 8.192388 0.861573 0.917474 -1
3 -5.859114 5.856140 8.192389 0.713028 0.932707 -1
3 -4.965323 25.004480 8.192387 0.733627 0.688382 -1
3 -5.859115 25.819363 8.192387 0.713848 0.670162 -1
3 0.000000 1.387670 8.192389 0.803738 0.944924 -1
3 0.000000 -0.093611 8.192389 0.806263 0.956899 -1
3 -4.965322 6.493312 8.192388 0.733811 0.919260 -1
3 5.859115 25.819363 8.192387 0.881190 0.667823 -1
5
-0.000000 -0.000000 1.000000
0.002300 -0.000000 1.000000
-0.042200 0.041000 0.998300
0.011100 0.001000 0.999900
-0.052800 -0.052200 0.997200
22
3 0 1 2 0 0 0 1
3 3 4 5 0 0 0 1
3 6 7 8 1 1 1 1
3 9 10 11 0 0 0 1
3 4 2 5 0 0 0 1
3 7 11 12 2 2 2 1
3 1 0 13 0 0 0 1
3 11 10 14 0 0 0 1
3 11 7 9 3 3 3 1
3 5 15 3 0 0 0 1
3 2 4 0 0 0 0 1
3 8 7 12 4 4 4 1
3 16 17 18 0 0 0 1
3 19 20 21 0 0 0 1
3 18 22 16 0 0 0 1
3 22 19 23 0 0 0 1
3 24 20 19 0 0 0 1
3 17 16 25 0 0 0 1
3 20 17 25 0 0 0 1
3 19 22 24 0 0 0 1
3 16 22 23 0 0 0 1
3 25 21 20 0 0 0 1

Materials: 3
"outline"
1.000000 1.000000 1.000000 1.000000
0.800000 0.800000 0.800000 1.000000
0.500000 0.500000 0.500000 1.000000
0.000000 0.000000 0.000000 1.000000
0.192000
1.000000
"border_of_life.png"
""
"Material01"
0.000000 0.000000 0.000000 1.000000
1.000000 1.000000 1.000000 1.000000
1.000000 1.000000 1.000000 1.000000
0.000000 0.000000 0.000000 1.000000
0.000000
1.000000
"texcher_4th.png"
""
"Material02"
0.000000 0.000000 0.000000 1.000000
1.000000 1.000000 1.000000 1.000000
1.000000 1.000000 1.000000 1.000000
0.000000 0.000000 0.000000 1.000000
0.000000
1.000000
"ornate_4th.png"
""

Bones: 0
GroupComments: 0
MaterialComments: 0
BoneComments: 0
ModelComment: 0
