// MilkShape 3D ASCII

Frames: 30
Frame: 1

Meshes: 3
"inkblack arrow mesh border of life" 0 0
106
3 0.000000 -5.137908 0.000000 0.000000 1.000000 -1
3 -9.660185 4.522276 -0.000000 1.000000 1.000000 -1
3 -11.510276 6.948467 -0.000000 1.000000 0.000000 -1
3 0.000846 -7.709101 0.000002 0.000000 0.000000 -1
3 9.660185 4.522276 -0.000000 0.000000 1.000000 -1
3 0.000000 -5.137908 0.000000 1.000000 1.000000 -1
3 0.000846 -7.709101 0.000002 1.000000 0.000000 -1
3 11.511969 6.948467 -0.000000 0.000000 0.000000 -1
3 -11.808359 3.167025 -0.000638 0.000000 1.000000 -1
3 0.000000 -8.641335 0.000690 1.000000 1.000000 -1
3 -11.510276 6.948467 -0.000000 0.000000 0.000000 -1
3 0.000000 -8.641335 0.000690 0.000000 1.000000 -1
3 11.808358 3.167025 0.001322 1.000000 1.000000 -1
3 11.511969 6.948467 -0.000000 1.000000 0.000000 -1
3 -8.816691 30.358658 -0.000008 0.999451 1.000549 -1
3 -10.627589 32.821732 -0.000008 1.000549 0.000549 -1
3 -11.251744 32.563202 -0.000008 0.000549 -0.000549 -1
3 -9.413133 30.111605 -0.000008 -0.000549 0.999451 -1
3 -9.413133 30.111605 -0.000008 0.999451 1.000549 -1
3 -11.251744 32.563202 -0.000008 1.000549 0.000549 -1
3 -11.510276 31.939047 -0.000008 0.000549 -0.000549 -1
3 -9.660185 29.515165 -0.000008 -0.000549 0.999451 -1
3 -9.660185 4.522276 -0.000000 0.000000 1.000000 -1
3 -9.660185 29.515165 -0.000008 1.000000 1.000000 -1
3 -11.510276 31.939047 -0.000008 1.000000 0.000000 -1
3 -8.816691 30.358658 -0.000008 0.000000 1.000000 -1
3 0.000000 30.358658 -0.000008 1.000000 1.000000 -1
3 0.000846 32.821732 -0.000008 1.000000 0.000000 -1
3 -10.627589 32.821732 -0.000008 0.000000 0.000000 -1
3 10.629295 32.821732 -0.000008 0.001833 -0.001826 -1
3 8.710303 30.358658 -0.000008 -0.001826 0.998167 -1
3 9.381970 30.080444 -0.000008 0.998167 1.001826 -1
3 11.253428 32.530594 -0.000008 1.001826 0.001833 -1
3 11.253428 32.530594 -0.000008 0.001833 -0.001826 -1
3 9.381970 30.080444 -0.000008 -0.001826 0.998167 -1
3 9.660185 29.408775 -0.000008 0.998167 1.001826 -1
3 11.511969 31.939068 -0.000008 1.001826 0.001833 -1
3 9.660185 29.408775 -0.000008 0.000000 1.000000 -1
3 9.660185 4.522276 -0.000000 1.000000 1.000000 -1
3 11.511969 31.939068 -0.000008 0.000000 0.000000 -1
3 0.000000 30.358658 -0.000008 0.000000 1.000000 -1
3 8.710303 30.358658 -0.000008 1.000000 1.000000 -1
3 10.629295 32.821732 -0.000008 1.000000 0.000000 -1
3 0.000846 32.821732 -0.000008 0.000000 0.000000 -1
3 17.845266 12.816108 0.008903 0.001833 -0.001826 -1
3 18.107325 9.593791 0.009567 -0.001826 0.998167 -1
3 18.728676 9.856913 0.011071 0.998167 1.001826 -1
3 18.495491 13.091455 0.010303 1.001826 0.001833 -1
3 18.495491 13.091455 0.010303 0.001833 -0.001826 -1
3 18.728676 9.856913 0.011071 -0.001826 0.998167 -1
3 19.351349 9.596938 0.013554 0.998167 1.001826 -1
3 19.147097 12.819401 0.012584 1.001826 0.001833 -1
3 11.808358 3.167025 0.001322 0.000000 1.000000 -1
3 18.107325 9.593791 0.009567 1.000000 1.000000 -1
3 17.845266 12.816108 0.008903 1.000000 0.000000 -1
3 -19.114504 12.850600 -0.000003 0.001833 -0.001826 -1
3 -19.321814 9.626741 0.000752 -0.001826 0.998167 -1
3 -18.728626 9.874414 0.000671 0.998167 1.001826 -1
3 -18.493755 13.109779 -0.000004 1.001826 0.001833 -1
3 -18.493755 13.109779 -0.000004 0.001833 -0.001826 -1
3 -18.728626 9.874414 0.000671 -0.001826 0.998167 -1
3 -18.136694 9.623753 0.000571 0.998167 1.001826 -1
3 -17.874317 12.847473 -0.000003 1.001826 0.001833 -1
3 -18.136694 9.623753 0.000571 0.000000 1.000000 -1
3 -11.808359 3.167025 -0.000638 1.000000 1.000000 -1
3 -17.874317 12.847473 -0.000003 0.000000 0.000000 -1
3 -31.977991 -2.259821 0.000001 0.001833 -0.001826 -1
3 -28.954491 -1.821586 0.001868 -0.001826 0.998167 -1
3 -29.309786 -0.965029 0.001893 0.998167 1.001826 -1
3 -32.349792 -1.363462 0.000000 1.001826 0.001833 -1
3 -32.349792 -1.363462 0.000000 0.001833 -0.001826 -1
3 -29.309786 -0.965029 0.001893 -0.001826 0.998167 -1
3 -28.958536 -0.106803 0.001847 0.998167 1.001826 -1
3 -31.982225 -0.465359 0.000000 1.001826 0.001833 -1
3 -28.958536 -0.106803 0.001847 0.000000 1.000000 -1
3 -19.321814 9.626741 0.000752 1.000000 1.000000 -1
3 -19.114504 12.850600 -0.000003 1.000000 0.000000 -1
3 -31.982225 -0.465359 0.000000 0.000000 0.000000 -1
3 -1.023354 -29.768257 -0.000589 0.999451 1.000549 -1
3 -1.070064 -33.184944 0.000010 1.000549 0.000549 -1
3 0.000847 -33.628773 0.000667 0.000549 -0.000549 -1
3 0.000006 -30.192383 0.000026 -0.000549 0.999451 -1
3 0.000006 -30.192383 0.000026 0.999451 1.000549 -1
3 0.000847 -33.628773 0.000667 1.000549 0.000549 -1
3 1.071759 -33.184948 0.002250 0.000549 -0.000549 -1
3 1.023367 -29.768261 0.001638 -0.000549 0.999451 -1
3 -1.023354 -29.768257 -0.000589 0.000000 1.000000 -1
3 -28.954491 -1.821586 0.001868 1.000000 1.000000 -1
3 -31.977991 -2.259821 0.000001 1.000000 0.000000 -1
3 -1.070064 -33.184944 0.000010 0.000000 0.000000 -1
3 28.777922 -1.998458 0.064468 1.000232 0.999768 -1
3 31.794924 -2.444906 0.066492 0.999768 -0.000232 -1
3 32.243610 -1.363211 0.066688 -0.000232 0.000232 -1
3 29.206688 -0.964795 0.064588 0.000232 1.000232 -1
3 29.206688 -0.964795 0.064588 1.000232 0.999768 -1
3 32.243610 -1.363211 0.066688 0.999768 -0.000232 -1
3 31.800037 -0.279417 0.063970 -0.000232 0.000232 -1
3 28.782810 0.070875 0.061575 0.000232 1.000232 -1
3 28.777922 -1.998458 0.064468 0.000000 1.000000 -1
3 1.023367 -29.768261 0.001638 1.000000 1.000000 -1
3 1.071759 -33.184948 0.002250 1.000000 0.000000 -1
3 31.794924 -2.444906 0.066492 0.000000 0.000000 -1
3 19.351349 9.596938 0.013554 0.000000 1.000000 -1
3 28.782810 0.070875 0.061575 1.000000 1.000000 -1
3 31.800037 -0.279417 0.063970 1.000000 0.000000 -1
3 19.147097 12.819401 0.012584 0.000000 0.000000 -1
30
-0.000000 -0.000000 1.000000
-0.000200 0.000200 1.000000
-0.000700 0.000100 1.000000
-0.000300 0.000200 1.000000
-0.000800 0.000300 1.000000
-0.002000 0.000100 1.000000
-0.001800 0.000100 1.000000
-0.003000 -0.000000 1.000000
-0.002900 0.001300 1.000000
-0.003400 0.000500 1.000000
-0.000100 0.000300 1.000000
-0.000300 0.000400 1.000000
0.000100 0.000200 1.000000
0.000100 0.000100 1.000000
-0.000400 -0.000200 1.000000
-0.000300 -0.000200 1.000000
-0.000600 -0.000000 1.000000
-0.000500 0.000400 1.000000
-0.000600 0.000300 1.000000
-0.000300 -0.000100 1.000000
-0.000400 0.000100 1.000000
-0.001100 0.000200 1.000000
-0.001600 -0.000000 1.000000
-0.001600 -0.000300 1.000000
-0.001200 -0.000300 1.000000
-0.001000 -0.000100 1.000000
-0.000600 0.001200 1.000000
-0.000500 0.001400 1.000000
-0.000900 0.002400 1.000000
-0.001900 0.002100 1.000000
56
3 0 1 2 0 0 0 1
3 0 2 3 0 0 1 1
3 4 5 6 0 0 1 1
3 4 6 7 0 1 2 1
3 8 9 6 0 3 1 1
3 8 6 10 0 1 0 1
3 11 12 13 3 4 2 1
3 11 13 3 3 2 1 1
3 14 15 16 0 0 0 1
3 14 16 17 0 0 0 1
3 18 19 20 0 0 0 1
3 18 20 21 0 0 0 1
3 22 23 24 0 0 0 1
3 22 24 10 0 0 0 1
3 25 26 27 0 0 0 1
3 25 27 28 0 0 0 1
3 29 30 31 0 0 0 1
3 29 31 32 0 0 0 1
3 33 34 35 0 0 0 1
3 33 35 36 0 0 0 1
3 37 38 13 0 0 2 1
3 37 13 39 0 2 0 1
3 40 41 42 0 0 0 1
3 40 42 43 0 0 0 1
3 44 45 46 5 6 7 1
3 44 46 47 5 7 7 1
3 48 49 50 7 7 8 1
3 48 50 51 7 8 9 1
3 52 53 54 4 6 5 1
3 52 54 7 4 5 2 1
3 55 56 57 10 11 12 1
3 55 57 58 10 12 12 1
3 59 60 61 12 12 13 1
3 59 61 62 12 13 13 1
3 63 64 2 13 0 0 1
3 63 2 65 13 0 13 1
3 66 67 68 14 15 16 1
3 66 68 69 14 16 16 1
3 70 71 72 16 16 17 1
3 70 72 73 16 17 18 1
3 74 75 76 17 11 10 1
3 74 76 77 17 10 18 1
3 78 79 80 19 20 21 1
3 78 80 81 19 21 21 1
3 82 83 84 21 21 22 1
3 82 84 85 21 22 23 1
3 86 87 88 19 15 14 1
3 86 88 89 19 14 20 1
3 90 91 92 24 25 26 1
3 90 92 93 24 26 27 1
3 94 95 96 27 26 28 1
3 94 96 97 27 28 29 1
3 98 99 100 24 23 22 1
3 98 100 101 24 22 25 1
3 102 103 104 8 29 28 1
3 102 104 105 8 28 9 1
"default" 0 1
133
1 0.000000 -12.242640 6.000001 0.165737 0.567979 -1
1 0.000000 -26.757359 6.000002 0.237902 0.648162 -1
1 18.500000 6.257360 6.000000 0.165737 0.363581 -1
1 -18.500000 6.257360 6.000000 0.281250 0.500000 -1
1 0.000000 -12.242640 6.000001 0.281250 0.500000 -1
1 0.000000 -11.263570 5.538463 0.281250 0.500000 -1
1 -18.500000 7.236431 5.538462 0.281250 0.500000 -1
1 0.000000 -27.736431 5.538464 0.281250 0.500000 -1
1 26.736431 -1.000000 5.538462 0.281250 0.500000 -1
1 25.757359 -1.000000 6.000000 0.281250 0.500000 -1
1 0.000000 -26.757359 6.000002 0.281250 0.500000 -1
1 18.500000 7.236431 5.538462 0.281250 0.500000 -1
1 18.500000 6.257360 6.000000 0.281250 0.500000 -1
1 -25.757359 -1.000000 6.000000 0.281250 0.500000 -1
1 -26.736431 -1.000000 5.538462 0.281250 0.500000 -1
1 -18.500000 6.257360 6.000000 0.082310 0.363581 -1
1 0.000000 -26.757359 6.000002 0.010145 0.648162 -1
1 0.000000 -12.242640 6.000001 0.082310 0.567979 -1
1 0.000000 -27.736431 5.538464 0.718819 0.902438 -1
1 26.736431 -1.000000 5.538462 0.718819 0.503094 -1
1 -25.757359 -1.000000 6.000000 0.010145 0.363581 -1
1 0.000000 -30.271166 1.236876 0.281250 0.500000 -1
1 0.000000 -31.000000 0.000002 0.281250 0.500000 -1
1 30.000000 -1.000000 0.000000 0.281250 0.500000 -1
1 29.271166 -1.000000 1.236874 0.281250 0.500000 -1
1 18.500000 9.771165 1.236873 0.281250 0.500000 -1
1 18.500000 10.500000 -0.000001 0.281250 0.500000 -1
1 0.000000 -8.000000 0.000001 0.281250 0.500000 -1
1 0.000000 -8.728835 1.236875 0.281250 0.500000 -1
1 -18.500000 10.500000 -0.000001 0.281250 0.500000 -1
1 -18.500000 9.771165 1.236873 0.281250 0.500000 -1
1 -29.271166 -1.000000 1.236874 0.281250 0.500000 -1
1 -30.000000 -1.000000 0.000000 0.281250 0.500000 -1
1 0.000000 -1.757360 6.000000 0.124023 0.593808 -1
1 0.000000 27.500000 5.999998 0.124023 0.365234 -1
1 -7.000000 27.500000 5.999998 0.074805 0.365234 -1
1 -7.000000 5.242640 6.000000 0.074805 0.539120 -1
1 7.692307 4.955877 5.538462 0.281250 0.500000 -1
1 7.692307 28.192308 5.538460 0.281250 0.500000 -1
1 7.000000 27.500000 5.999998 0.281250 0.500000 -1
1 7.000000 5.242640 6.000000 0.281250 0.500000 -1
1 0.000000 28.192308 5.538460 0.281250 0.500000 -1
1 -7.692307 28.192308 5.538460 0.281250 0.500000 -1
1 0.000000 27.500000 5.999998 0.281250 0.500000 -1
1 -7.692307 4.955877 5.538462 0.281250 0.500000 -1
1 -7.000000 5.242640 6.000000 0.281250 0.500000 -1
1 -7.000000 27.500000 5.999998 0.281250 0.500000 -1
1 0.000000 -2.736430 5.538462 0.281250 0.500000 -1
1 0.000000 -1.757360 6.000000 0.281250 0.500000 -1
1 7.000000 5.242640 6.000000 0.173242 0.539120 -1
1 7.000000 27.500000 5.999998 0.173242 0.365234 -1
1 25.757359 -1.000000 6.000000 0.237902 0.363581 -1
1 0.000000 -2.736430 5.538462 0.718819 0.529030 -1
1 7.692307 4.955877 5.538462 0.718819 0.416353 -1
1 7.692307 4.955877 5.538462 0.718819 0.414135 -1
1 0.000000 -5.271165 1.236874 0.718819 0.559317 -1
1 0.000000 -5.271165 1.236874 0.718819 0.566889 -1
1 9.484635 4.213471 1.236874 0.718819 0.425224 -1
1 -7.692307 4.955877 5.538462 0.618249 0.423006 -1
1 -9.484635 4.213471 1.236874 0.618249 0.425224 -1
1 0.000000 -5.271165 1.236874 0.618249 0.566889 -1
1 0.000000 -5.271165 1.236874 0.618249 0.559317 -1
1 -7.692307 28.192308 5.538460 0.499916 0.045651 -1
1 -9.484635 29.984636 1.236872 0.499916 0.040297 -1
1 -9.484635 4.213471 1.236874 0.499916 0.425224 -1
1 -9.484635 4.213471 1.236874 0.281250 0.500000 -1
1 0.000000 -6.000000 0.000000 0.281250 0.500000 -1
1 0.000000 -5.271165 1.236874 0.281250 0.500000 -1
1 -9.484635 29.984636 1.236872 0.281250 0.500000 -1
1 -10.000000 30.500000 -0.000002 0.281250 0.500000 -1
1 -10.000000 4.000000 -0.000000 0.281250 0.500000 -1
1 9.484635 29.984636 1.236872 0.281250 0.500000 -1
1 10.000000 30.500000 -0.000002 0.281250 0.500000 -1
1 0.000000 29.984636 1.236872 0.281250 0.500000 -1
1 9.484635 4.213471 1.236874 0.281250 0.500000 -1
1 10.000000 4.000000 -0.000000 0.281250 0.500000 -1
1 0.000000 30.500000 -0.000002 0.281250 0.500000 -1
1 0.000000 -5.271165 1.236874 0.918038 0.572338 -1
1 9.484635 4.213471 1.236874 0.918038 0.438245 -1
1 7.692307 4.955877 5.538462 0.918038 0.436027 -1
1 -7.692307 28.192308 5.538460 0.321729 0.046089 -1
1 0.000000 28.192308 5.538460 0.321729 0.046089 -1
1 0.000000 29.984636 1.236872 0.321729 0.030026 -1
1 0.000000 28.192308 5.538460 0.497510 0.067068 -1
1 -7.692307 28.192308 5.538460 0.497510 0.061714 -1
1 -7.692307 28.192308 5.538460 0.497510 0.067068 -1
1 -7.692307 4.955877 5.538462 0.618249 0.416353 -1
1 0.000000 -2.736430 5.538462 0.618249 0.536601 -1
1 0.000000 -2.736430 5.538462 0.918038 0.549622 -1
1 7.692307 4.955877 5.538462 0.866435 0.423006 -1
1 9.484635 4.213471 1.236874 0.866435 0.425224 -1
1 9.484635 29.984636 1.236872 0.866435 0.040297 -1
1 7.692307 28.192308 5.538460 0.866435 0.045651 -1
1 7.692307 28.192308 5.538460 0.321729 0.030026 -1
1 9.484635 29.984636 1.236872 0.321729 0.024672 -1
1 0.000000 29.984636 1.236872 0.321729 0.024672 -1
1 18.500000 7.236431 5.538462 0.423246 0.380072 -1
1 0.000000 -11.263570 5.538463 0.423246 0.648822 -1
1 0.000000 -11.263570 5.538463 0.423246 0.656394 -1
1 29.271166 -1.000000 1.236874 0.615625 0.503094 -1
1 18.500000 9.771165 1.236873 0.615625 0.342212 -1
1 18.500000 7.236431 5.538462 0.615625 0.349784 -1
1 -18.500000 7.236431 5.538462 0.518298 0.291530 -1
1 -26.736431 -1.000000 5.538462 0.518298 0.414552 -1
1 -18.500000 7.236431 5.538462 0.393949 0.166190 -1
1 -18.500000 9.771165 1.236873 0.393949 0.158618 -1
1 -29.271166 -1.000000 1.236874 0.393949 0.319500 -1
1 -26.736431 -1.000000 5.538462 0.393949 0.319500 -1
1 0.000000 -27.736431 5.538464 0.822335 0.901475 -1
1 0.000000 -30.271166 1.236876 0.822335 0.909047 -1
1 29.271166 -1.000000 1.236874 0.822335 0.636716 -1
1 -26.736431 -1.000000 5.538462 0.703464 0.645819 -1
1 -29.271166 -1.000000 1.236874 0.703464 0.645819 -1
1 0.000000 -27.736431 5.538464 0.702233 0.932725 -1
1 26.736431 -1.000000 5.538462 0.615625 0.503094 -1
1 0.000000 -8.728835 1.236875 0.858125 0.640670 -1
1 -18.500000 9.771165 1.236873 0.661882 0.364348 -1
1 -18.500000 7.236431 5.538462 0.661882 0.371920 -1
1 0.000000 -11.263570 5.538463 0.858125 0.648242 -1
1 0.000000 -30.271166 1.236876 0.702233 0.940297 -1
1 18.500000 7.236431 5.538462 0.451328 0.398298 -1
1 18.500000 9.771165 1.236873 0.453424 0.391992 -1
1 0.000000 -8.728835 1.236875 0.376934 0.622103 -1
1 0.000000 -11.263570 5.538463 0.374838 0.628409 -1
1 0.000000 -27.736431 5.538464 0.927152 0.919704 -1
1 29.271166 -1.000000 1.236874 0.927152 0.654945 -1
1 26.736431 -1.000000 5.538462 0.927152 0.654945 -1
1 0.000000 -27.736431 5.538464 0.927152 0.889417 -1
1 0.000000 -27.736431 5.538464 0.927152 0.896989 -1
1 26.736431 -1.000000 5.538462 0.927152 0.490073 -1
1 -9.484635 29.984636 1.236872 0.321729 0.024672 -1
1 -7.692307 28.192308 5.538460 0.321729 0.030026 -1
1 -7.692307 4.955877 5.538462 0.546791 0.411531 -1
56
-0.000000 0.110800 0.993800
0.259800 -0.259800 0.930100
-0.000000 0.315700 0.948900
-0.000000 0.402300 0.915500
-0.000000 0.426400 0.904500
0.392100 -0.392100 0.832200
0.221400 -0.000000 0.975200
0.315700 -0.000000 0.948900
-0.392200 0.392200 0.832100
0.637000 -0.000000 0.770900
-0.355600 -0.355600 0.864300
-0.241600 -0.241600 0.939800
-0.392200 -0.392200 0.832100
-0.000000 -0.000000 1.000000
0.652700 -0.652700 0.384600
0.861600 -0.000000 0.507700
0.011800 0.861500 0.507600
-0.000000 0.861500 0.507700
0.632400 0.667400 0.393300
0.652700 0.652700 0.384600
-0.652700 -0.652700 0.384600
-0.652700 0.652700 0.384600
-0.000000 -0.315700 0.948900
-0.000000 0.289800 0.957100
-0.223200 0.223200 0.948900
-0.307600 -0.127400 0.942900
0.304900 -0.126300 0.944000
0.521200 0.521200 0.675800
0.223200 0.223200 0.948900
0.307600 -0.127400 0.942900
-0.000000 0.772000 0.635600
-0.156500 0.156500 0.975200
-0.484500 -0.200700 0.851500
-0.000000 -0.737100 0.675800
0.658600 -0.272800 0.701300
0.268900 -0.468800 0.841400
-0.069800 -0.069800 0.995100
-0.000000 -0.000000 -0.000000
-0.842200 -0.348800 0.411100
-0.842200 -0.348900 0.411100
-0.450400 0.450400 0.770900
-0.923100 -0.000000 0.384600
-0.609200 0.609200 0.507700
-0.846300 -0.338900 0.411100
0.609200 0.609200 0.507700
-0.000000 0.923100 0.384600
0.591900 -0.694400 0.409200
0.842200 -0.348900 0.411100
0.842200 -0.348800 0.411100
0.923100 -0.000000 0.384600
-0.000000 0.861500 0.507800
-0.000000 0.532600 0.846300
0.860700 0.044000 0.507200
-0.637000 -0.000000 0.770900
0.420600 -0.420600 0.803800
-0.400900 -0.452500 0.796500
90
1 0 1 2 0 1 2 1
1 3 4 5 3 0 4 1
1 3 5 6 3 4 4 1
1 7 8 9 5 6 7 1
1 7 9 10 5 7 1 1
1 8 11 12 6 4 2 1
1 8 12 9 6 2 7 1
1 13 3 6 8 3 4 1
1 13 6 14 8 4 8 1
1 11 5 4 4 4 0 1
1 11 4 12 4 0 2 1
1 15 16 17 3 1 0 1
1 18 19 19 5 9 6 1
1 10 13 14 10 11 12 1
1 10 14 7 10 12 12 1
1 15 20 16 13 11 10 1
1 21 22 23 14 14 15 1
1 21 23 24 14 15 15 1
1 25 26 27 16 17 18 1
1 28 27 29 19 18 19 1
1 28 29 30 19 19 19 1
1 24 23 26 15 15 17 1
1 24 26 25 15 17 16 1
1 31 22 21 20 20 20 1
1 30 29 32 21 21 21 1
1 30 32 31 21 21 21 1
1 31 32 22 20 20 20 1
1 25 27 28 21 21 21 1
1 33 34 35 22 23 24 1
1 33 35 36 22 24 25 1
1 37 38 39 26 27 28 1
1 37 39 40 26 28 29 1
1 41 42 43 30 31 23 1
1 42 44 45 31 32 25 1
1 42 45 46 31 25 24 1
1 44 47 45 32 33 25 1
1 47 37 40 33 26 29 1
1 47 40 48 33 29 22 1
1 38 41 43 27 30 23 1
1 38 43 39 27 23 28 1
1 49 50 33 29 28 22 1
1 1 51 2 1 7 2 1
1 42 46 43 31 24 23 1
1 52 53 54 33 34 26 1
1 55 56 57 35 36 37 1
1 58 59 60 38 39 36 1
1 58 60 61 38 36 35 1
1 62 63 64 40 41 39 1
1 65 66 67 20 20 20 1
1 68 69 70 42 42 39 1
1 68 70 65 42 39 43 1
1 71 72 73 44 44 45 1
1 65 70 66 43 39 46 1
1 74 75 72 47 48 44 1
1 74 72 71 47 44 44 1
1 73 76 69 45 45 42 1
1 73 69 68 45 42 42 1
1 67 66 75 35 46 48 1
1 67 75 74 35 48 47 1
1 77 78 79 35 14 34 1
1 80 81 82 40 30 45 1
1 83 84 85 30 40 31 1
1 86 61 87 38 35 33 1
1 88 77 79 33 35 34 1
1 89 90 91 34 49 44 1
1 89 91 92 34 44 27 1
1 93 94 95 27 44 45 1
1 96 97 98 50 51 13 1
1 99 100 101 52 17 50 1
1 102 103 103 17 53 13 1
1 104 105 106 17 21 21 1
1 104 106 107 17 21 53 1
1 108 109 110 54 14 14 1
1 111 112 113 53 20 55 1
1 114 99 101 9 52 50 1
1 115 116 117 17 19 17 1
1 118 115 117 51 17 17 1
1 112 119 113 20 20 55 1
1 120 121 122 50 17 17 1
1 120 122 123 50 17 51 1
1 124 125 126 55 52 9 1
1 127 128 129 54 55 9 1
1 50 34 33 28 23 22 1
1 72 76 73 44 45 45 1
1 95 130 131 45 45 40 1
1 95 131 82 45 40 45 1
1 93 95 82 27 45 45 1
1 93 82 81 27 45 30 1
1 132 62 64 38 40 39 1
1 47 48 45 33 22 25 1
"ornate" 0 2
16
3 0.000000 -12.242640 6.000002 0.500567 0.667573 -1
3 0.000000 -26.757359 6.000004 0.500036 0.941116 -1
3 18.500000 6.257360 6.000000 0.791078 0.381965 -1
3 -18.500000 6.257360 6.000000 0.211489 0.379142 -1
3 0.000000 -26.757359 6.000004 0.500124 0.941180 -1
3 0.000000 -12.242640 6.000002 0.500028 0.667333 -1
3 -18.500000 6.257360 6.000000 0.211741 0.378561 -1
3 -25.757359 -1.000000 6.000000 0.076586 0.518610 -1
3 0.000000 -26.757359 6.000004 0.499835 0.940761 -1
3 0.000000 -1.757360 6.000000 0.501032 0.548373 -1
3 0.000000 27.500000 5.999996 0.459762 0.052250 -1
3 -7.000000 27.500000 5.999996 0.371836 0.052250 -1
3 -7.000000 5.242640 6.000000 0.370913 0.419948 -1
3 7.000000 5.242640 6.000000 0.629668 0.423847 -1
3 7.000000 27.500000 5.999996 0.628618 0.052659 -1
3 25.757359 -1.000000 6.000000 0.927964 0.517773 -1
1
-0.000000 -0.000000 1.000000
8
3 0 1 2 0 0 0 1
3 3 4 5 0 0 0 1
3 6 7 8 0 0 0 1
3 9 10 11 0 0 0 1
3 9 11 12 0 0 0 1
3 13 14 9 0 0 0 1
3 1 15 2 0 0 0 1
3 14 10 9 0 0 0 1

Materials: 3
"outline"
1.000000 1.000000 1.000000 1.000000
0.800000 0.800000 0.800000 1.000000
0.500000 0.500000 0.500000 1.000000
0.000000 0.000000 0.000000 1.000000
0.192000
1.000000
"border_of_life.png"
""
"Material01"
0.000000 0.000000 0.000000 1.000000
1.000000 1.000000 1.000000 1.000000
1.000000 1.000000 1.000000 1.000000
0.000000 0.000000 0.000000 1.000000
0.000000
1.000000
"texcher_4th.png"
""
"Material02"
0.000000 0.000000 0.000000 1.000000
1.000000 1.000000 1.000000 1.000000
1.000000 1.000000 1.000000 1.000000
0.000000 0.000000 0.000000 1.000000
0.000000
1.000000
"ornate_4th.png"
""

Bones: 0
GroupComments: 0
MaterialComments: 0
BoneComments: 0
ModelComment: 0
