// MilkShape 3D ASCII

Frames: 30
Frame: 1

Meshes: 2
"InkblackArrowMesh BorderOfLife" 0 0
85
0 -10.000000 4.000000 -0.000000 0.500000 1.001423 -1
0 -11.910000 3.834810 0.000194 0.000000 1.000000 -1
0 0.000000 -6.000000 0.000000 1.000000 1.001423 -1
0 11.910300 3.946955 -0.000000 1.000000 1.000000 -1
0 10.000000 4.000000 -0.000000 0.500000 1.000675 -1
0 0.000000 -6.000000 0.000000 0.000000 1.000675 -1
0 -10.000000 30.500000 -0.000002 0.999451 1.000549 -1
0 -11.108700 32.821732 -0.000002 1.000549 0.000549 -1
0 -11.732900 32.563202 -0.000002 0.000549 -0.000549 -1
0 -11.732900 32.563202 -0.000002 1.000549 0.000549 -1
0 -11.910000 31.939049 -0.000002 0.000549 -0.000549 -1
0 -10.000000 30.500000 -0.000002 1.000000 1.000000 -1
0 -11.910000 6.948467 -0.000001 0.000000 0.000000 -1
0 -10.000000 4.000000 -0.000000 0.000000 1.000000 -1
0 -10.000000 30.500000 -0.000002 0.000000 1.000000 -1
0 0.000000 32.821732 -0.000002 1.000000 0.000000 -1
0 -11.108700 32.821732 -0.000002 0.000000 0.000000 -1
0 11.108700 32.821732 -0.000002 0.001833 -0.001826 -1
0 10.000000 30.500000 -0.000002 0.998167 1.001826 -1
0 11.732900 32.530594 -0.000002 1.001826 0.001833 -1
0 11.732900 32.530594 -0.000002 0.001833 -0.001826 -1
0 11.910300 31.939068 -0.000002 1.001826 0.001833 -1
0 10.000000 30.500000 -0.000002 0.000000 1.000000 -1
0 11.910300 6.948467 -0.000000 1.000000 0.000000 -1
0 11.910300 31.939068 -0.000002 0.000000 0.000000 -1
0 10.000000 30.500000 -0.000002 1.000000 1.000000 -1
0 0.000000 32.821732 -0.000002 0.000000 0.000000 -1
0 0.000000 30.500999 -0.000002 0.000000 1.000000 -1
0 17.849314 12.743288 -0.000001 0.001833 -0.001826 -1
0 18.500000 10.500000 -0.000001 0.998167 1.001826 -1
0 18.499538 13.018636 -0.000001 1.001826 0.001833 -1
0 18.499538 13.018636 -0.000001 0.001833 -0.001826 -1
0 19.151144 12.746581 -0.000001 1.001826 0.001833 -1
0 -19.120312 12.777781 -0.000001 0.001833 -0.001826 -1
0 -18.500000 10.500000 -0.000001 0.998167 1.001826 -1
0 -18.499563 13.036960 -0.000001 1.001826 0.001833 -1
0 -18.499563 13.036960 -0.000001 0.001833 -0.001826 -1
0 -17.880125 12.774653 -0.000001 1.001826 0.001833 -1
0 11.910300 3.946955 -0.000000 0.000000 1.000000 -1
0 18.500000 10.500000 -0.000001 1.000000 1.000000 -1
0 17.849314 12.743288 -0.000001 1.000000 0.000000 -1
0 -31.875999 -1.896940 0.000000 0.001833 -0.001826 -1
0 -30.000000 -1.000000 0.000000 0.998167 1.001826 -1
0 -32.247803 -1.000581 0.000000 1.001826 0.001833 -1
0 -32.247803 -1.000581 0.000000 0.001833 -0.001826 -1
0 -31.880234 -0.102479 0.000000 1.001826 0.001833 -1
0 -18.500000 10.500000 -0.000001 1.000000 1.000000 -1
0 -31.880234 -0.102479 0.000000 0.000000 0.000000 -1
0 -30.000000 -1.000000 0.000000 0.000000 1.000000 -1
0 0.000000 -31.000000 0.000002 0.999451 1.000549 -1
0 -1.070701 -33.184944 0.000002 1.000549 0.000549 -1
0 0.000000 -33.628799 0.000002 0.000549 -0.000549 -1
0 0.000000 -33.628799 0.000002 1.000549 0.000549 -1
0 1.071122 -33.184948 0.000002 0.000549 -0.000549 -1
0 0.000000 -31.000000 0.000002 0.000000 1.000000 -1
0 -31.875999 -1.896940 0.000000 1.000000 0.000000 -1
0 -1.070701 -33.184944 0.000002 0.000000 0.000000 -1
0 30.000000 -1.000000 0.000000 1.000232 0.999768 -1
0 31.896915 -2.082395 0.000000 0.999768 -0.000232 -1
0 32.345600 -1.000700 0.000000 -0.000232 0.000232 -1
0 32.345600 -1.000700 0.000000 0.999768 -0.000232 -1
0 31.902027 0.083095 0.000000 -0.000232 0.000232 -1
0 0.000000 -31.000000 0.000002 1.000000 1.000000 -1
0 31.896915 -2.082395 0.000000 0.000000 0.000000 -1
0 30.000000 -1.000000 0.000000 0.000000 1.000000 -1
0 18.500000 10.500000 -0.000001 0.000000 1.000000 -1
0 31.902027 0.083095 0.000000 1.000000 0.000000 -1
0 19.151144 12.746581 -0.000001 0.000000 0.000000 -1
0 -11.910000 6.948467 -0.000001 0.000000 1.001423 -1
0 0.000000 -8.000000 0.000194 1.000000 1.000000 -1
0 0.000000 -8.000000 0.000194 0.000000 1.000000 -1
0 11.910300 6.948467 -0.000000 1.000000 1.000675 -1
0 -11.910000 31.939049 -0.000002 1.000000 0.000000 -1
0 0.000000 30.500999 -0.000002 1.000000 1.000000 -1
0 10.000000 4.000000 -0.000000 1.000000 1.000000 -1
0 11.108700 32.821732 -0.000002 1.000000 0.000000 -1
0 11.910300 6.948467 -0.000000 0.000000 0.000000 -1
0 -11.910000 6.948467 -0.000001 1.000000 0.000000 -1
0 -17.880125 12.774653 -0.000001 0.000000 0.000000 -1
0 -11.910000 3.834810 0.000194 1.000000 1.000000 -1
0 -19.120312 12.777781 -0.000001 1.000000 0.000000 -1
0 -30.000000 -1.000000 0.000000 1.000000 1.000000 -1
0 1.071122 -33.184948 0.000002 1.000000 0.000000 -1
0 30.000000 -1.000000 0.000000 1.000000 1.000000 -1
0 -18.500000 10.500000 -0.000001 0.000000 1.000000 -1
3
0.000100 0.000100 1.000000
-0.000000 0.000100 1.000000
-0.000000 -0.000000 1.000000
40
0 0 1 2 0 0 1 1
0 3 4 5 2 2 1 1
0 6 7 8 2 2 2 1
0 6 9 10 2 2 2 1
0 11 12 13 2 2 0 1
0 14 15 16 2 2 2 1
0 17 18 19 2 2 2 1
0 20 18 21 2 2 2 1
0 22 23 24 2 2 2 1
0 25 26 27 2 2 2 1
0 28 29 30 2 2 2 1
0 31 29 32 2 2 2 1
0 33 34 35 2 2 2 1
0 36 34 37 2 2 2 1
0 38 39 40 2 2 2 1
0 41 42 43 2 2 2 1
0 44 42 45 2 2 2 1
0 46 47 48 2 2 2 1
0 49 50 51 2 2 2 1
0 49 52 53 2 2 2 1
0 54 55 56 2 2 2 1
0 57 58 59 2 2 2 1
0 57 60 61 2 2 2 1
0 62 63 64 2 2 2 1
0 65 66 67 2 2 2 1
0 68 1 0 2 0 0 1
0 1 69 2 0 1 1 1
0 5 70 3 1 1 2 1
0 3 71 4 2 2 2 1
0 11 72 12 2 2 2 1
0 14 73 15 2 2 2 1
0 22 74 23 2 2 2 1
0 25 75 26 2 2 2 1
0 76 38 40 2 2 2 1
0 77 78 79 2 2 0 1
0 46 80 47 2 2 2 1
0 54 81 55 2 2 2 1
0 62 82 63 2 2 2 1
0 65 83 66 2 2 2 1
0 78 84 79 2 2 0 1
"default" 0 1
114
0 0.000000 -12.242640 7.300002 0.165737 0.567979 -1
0 0.000000 -26.757359 7.300004 0.237902 0.648162 -1
0 18.500000 6.257360 7.299999 0.165737 0.363581 -1
0 -18.500000 6.257360 7.299999 0.281250 0.500000 -1
0 0.000000 -12.242640 7.300002 0.281250 0.500000 -1
0 0.000000 -11.263570 6.838464 0.281250 0.500000 -1
0 -18.500000 7.236432 6.838462 0.281250 0.500000 -1
0 0.000000 -27.736431 6.838466 0.281250 0.500000 -1
0 26.736431 -1.000000 6.838462 0.281250 0.500000 -1
0 25.757359 -1.000000 7.300000 0.281250 0.500000 -1
0 0.000000 -26.757359 7.300004 0.281250 0.500000 -1
0 18.500000 7.236432 6.838462 0.281250 0.500000 -1
0 18.500000 6.257360 7.299999 0.281250 0.500000 -1
0 -25.757359 -1.000000 7.300000 0.281250 0.500000 -1
0 -26.736431 -1.000000 6.838462 0.281250 0.500000 -1
0 -18.500000 6.257360 7.299999 0.082310 0.363581 -1
0 0.000000 -26.757359 7.300004 0.010145 0.648162 -1
0 0.000000 -12.242640 7.300002 0.082310 0.567979 -1
0 0.000000 -2.736429 6.838462 0.281250 0.500000 -1
0 0.000000 -1.757360 7.300000 0.281250 0.500000 -1
0 -7.000000 5.242640 7.299999 0.281250 0.500000 -1
0 -25.757359 -1.000000 7.300000 0.010145 0.363581 -1
0 0.000000 -30.271166 1.747661 0.281250 0.500000 -1
0 0.000000 -31.000000 0.000005 0.281250 0.500000 -1
0 30.000000 -1.000000 0.000001 0.281250 0.500000 -1
0 29.271166 -1.000000 1.747657 0.281250 0.500000 -1
0 18.500000 9.771165 1.747655 0.281250 0.500000 -1
0 18.500000 10.500000 -0.000001 0.281250 0.500000 -1
0 0.000000 -8.000000 0.000002 0.281250 0.500000 -1
0 0.000000 -8.728835 1.747659 0.281250 0.500000 -1
0 -18.500000 10.500000 -0.000001 0.281250 0.500000 -1
0 -18.500000 9.771165 1.747655 0.281250 0.500000 -1
0 -29.271166 -1.000000 1.747657 0.281250 0.500000 -1
0 -30.000000 -1.000000 0.000001 0.281250 0.500000 -1
0 0.000000 -1.757360 7.300000 0.124023 0.593808 -1
0 0.000000 27.500000 7.299996 0.124023 0.365234 -1
0 -7.000000 27.500000 7.299996 0.074805 0.365234 -1
0 -7.000000 5.242640 7.299999 0.074805 0.539120 -1
0 7.692307 4.955877 6.838462 0.281250 0.500000 -1
0 7.692307 28.192308 6.838458 0.281250 0.500000 -1
0 7.000000 27.500000 7.299996 0.281250 0.500000 -1
0 7.000000 5.242640 7.299999 0.281250 0.500000 -1
0 0.000000 28.192308 6.838458 0.281250 0.500000 -1
0 -7.692307 28.192308 6.838458 0.281250 0.500000 -1
0 0.000000 27.500000 7.299996 0.281250 0.500000 -1
0 -7.692307 4.955877 6.838462 0.281250 0.500000 -1
0 -7.000000 27.500000 7.299996 0.281250 0.500000 -1
0 7.000000 5.242640 7.299999 0.173242 0.539120 -1
0 7.000000 27.500000 7.299996 0.173242 0.365234 -1
0 25.757359 -1.000000 7.300000 0.237902 0.363581 -1
0 -7.692307 4.955877 6.838462 0.618249 0.423006 -1
0 -9.484635 4.213471 1.747657 0.618249 0.425224 -1
0 0.000000 -5.271165 1.747658 0.618249 0.566889 -1
0 -7.692307 28.192308 6.838458 0.499916 0.045651 -1
0 -9.484635 29.984636 1.747653 0.499916 0.040297 -1
0 -9.484635 4.213471 1.747657 0.499916 0.425224 -1
0 -9.484635 4.213471 1.747657 0.281250 0.500000 -1
0 0.000000 -6.000000 0.000001 0.281250 0.500000 -1
0 0.000000 -5.271165 1.747658 0.281250 0.500000 -1
0 -9.484635 29.984636 1.747653 0.281250 0.500000 -1
0 -10.000000 30.500000 -0.000004 0.281250 0.500000 -1
0 -10.000000 4.000000 0.000000 0.281250 0.500000 -1
0 9.484635 29.984636 1.747653 0.281250 0.500000 -1
0 10.000000 30.500000 -0.000004 0.281250 0.500000 -1
0 0.000000 29.984636 1.747653 0.281250 0.500000 -1
0 9.484635 4.213471 1.747657 0.281250 0.500000 -1
0 10.000000 4.000000 0.000000 0.281250 0.500000 -1
0 0.000000 30.500000 -0.000004 0.281250 0.500000 -1
0 0.000000 -5.271165 1.747658 0.918038 0.572338 -1
0 9.484635 4.213471 1.747657 0.918038 0.438245 -1
0 7.692307 4.955877 6.838462 0.918038 0.436027 -1
0 -7.692307 28.192308 6.838458 0.321729 0.046089 -1
0 0.000000 28.192308 6.838458 0.321729 0.046089 -1
0 0.000000 29.984636 1.747653 0.321729 0.030026 -1
0 -7.692307 4.955877 6.838462 0.618249 0.416353 -1
0 0.000000 -5.271165 1.747658 0.618249 0.559317 -1
0 0.000000 -2.736429 6.838462 0.618249 0.536601 -1
0 0.000000 -2.736429 6.838462 0.918038 0.549622 -1
0 7.692307 4.955877 6.838462 0.866435 0.423006 -1
0 9.484635 4.213471 1.747657 0.866435 0.425224 -1
0 9.484635 29.984636 1.747653 0.866435 0.040297 -1
0 7.692307 28.192308 6.838458 0.866435 0.045651 -1
0 7.692307 28.192308 6.838458 0.321729 0.030026 -1
0 9.484635 29.984636 1.747653 0.321729 0.024672 -1
0 0.000000 29.984636 1.747653 0.321729 0.024672 -1
0 29.271166 -1.000000 1.747657 0.615625 0.503094 -1
0 18.500000 9.771165 1.747655 0.615625 0.342212 -1
0 18.500000 7.236432 6.838462 0.615625 0.349784 -1
0 -7.692307 4.955877 6.838462 0.546791 0.411531 -1
0 -18.500000 7.236432 6.838462 0.393949 0.166190 -1
0 -18.500000 9.771165 1.747655 0.393949 0.158618 -1
0 -29.271166 -1.000000 1.747657 0.393949 0.319500 -1
0 -26.736431 -1.000000 6.838462 0.393949 0.319500 -1
0 0.000000 -27.736431 6.838466 0.822335 0.901475 -1
0 0.000000 -30.271166 1.747661 0.822335 0.909047 -1
0 29.271166 -1.000000 1.747657 0.822335 0.636716 -1
0 -26.736431 -1.000000 6.838462 0.703464 0.645819 -1
0 -29.271166 -1.000000 1.747657 0.703464 0.645819 -1
0 0.000000 -27.736431 6.838466 0.702233 0.932725 -1
0 26.736431 -1.000000 6.838462 0.615625 0.503094 -1
0 0.000000 -8.728835 1.747659 0.858125 0.640670 -1
0 -18.500000 9.771165 1.747655 0.661882 0.364348 -1
0 -18.500000 7.236432 6.838462 0.661882 0.371920 -1
0 0.000000 -11.263570 6.838464 0.858125 0.648242 -1
0 0.000000 -30.271166 1.747661 0.702233 0.940297 -1
0 18.500000 7.236432 6.838462 0.451328 0.398298 -1
0 18.500000 9.771165 1.747655 0.453424 0.391992 -1
0 0.000000 -8.728835 1.747659 0.376934 0.622103 -1
0 0.000000 -11.263570 6.838464 0.374838 0.628409 -1
0 0.000000 -27.736431 6.838466 0.927152 0.919704 -1
0 29.271166 -1.000000 1.747657 0.927152 0.654945 -1
0 26.736431 -1.000000 6.838462 0.927152 0.654945 -1
0 -9.484635 29.984636 1.747653 0.321729 0.024672 -1
0 -7.692307 28.192308 6.838458 0.321729 0.030026 -1
39
-0.000000 0.110800 0.993800
-0.000000 -0.315700 0.948900
-0.000000 0.315700 0.948900
-0.000000 0.599400 0.800400
-0.000000 0.763600 0.645700
-0.000000 -0.763600 0.645700
0.763600 -0.000000 0.645700
0.315700 -0.000000 0.948900
-0.315700 -0.000000 0.948900
-0.763600 -0.000000 0.645700
-0.307600 -0.127400 0.942900
-0.000000 -0.912100 0.409900
-0.000000 -0.923000 0.384900
0.923000 -0.000000 0.384900
0.912100 -0.000000 0.409900
-0.000000 0.912100 0.409900
-0.000000 0.923000 0.384900
-0.000000 0.906900 0.421400
-0.912100 -0.000000 0.409900
-0.923000 -0.000000 0.384900
-0.000000 0.289800 0.957100
-0.223200 0.223200 0.948900
0.738200 -0.305800 0.601400
0.539900 0.539900 0.645700
0.223200 0.223200 0.948900
0.307600 -0.127400 0.942900
-0.000000 0.789600 0.613600
-0.539900 0.539900 0.645700
-0.738200 -0.305800 0.601400
-0.872700 -0.361500 0.328100
-0.645000 0.645000 0.409900
-0.652600 0.652600 0.384900
-0.880100 -0.364600 0.304100
0.645000 0.645000 0.409900
0.652600 0.652600 0.384900
-0.000000 0.951500 0.307600
0.872700 -0.361500 0.328100
0.880100 -0.364600 0.304100
-0.000000 0.959200 0.282800
80
0 0 1 2 0 1 2 1
0 3 4 5 2 0 3 1
0 3 5 6 2 3 4 1
0 7 8 9 5 6 7 1
0 7 9 10 5 7 1 1
0 8 11 12 6 4 2 1
0 8 12 9 6 2 7 1
0 13 3 6 8 2 4 1
0 13 6 14 8 4 9 1
0 11 5 4 4 3 0 1
0 11 4 12 4 0 2 1
0 15 16 17 2 1 0 1
0 18 19 20 5 1 10 1
0 10 13 14 1 8 9 1
0 10 14 7 1 9 5 1
0 15 21 16 2 8 1 1
0 22 23 24 11 12 13 1
0 22 24 25 11 13 14 1
0 26 27 28 15 16 16 1
0 29 28 30 17 16 16 1
0 29 30 31 17 16 15 1
0 25 24 27 14 13 16 1
0 25 27 26 14 16 15 1
0 32 23 22 18 12 11 1
0 31 30 33 15 16 19 1
0 31 33 32 15 19 18 1
0 32 33 23 18 19 12 1
0 26 28 29 15 16 17 1
0 34 35 36 1 20 21 1
0 34 36 37 1 21 10 1
0 38 39 40 22 23 24 1
0 38 40 41 22 24 25 1
0 42 43 44 26 27 20 1
0 43 45 20 27 28 10 1
0 43 20 46 27 10 21 1
0 45 18 20 28 5 10 1
0 18 38 41 5 22 25 1
0 18 41 19 5 25 1 1
0 39 42 44 23 26 20 1
0 39 44 40 23 20 24 1
0 47 48 34 25 24 1 1
0 1 49 2 1 7 2 1
0 43 46 44 27 21 20 1
0 50 51 52 28 29 11 1
0 53 54 55 27 30 29 1
0 56 57 58 29 12 11 1
0 59 60 61 30 31 32 1
0 59 61 56 30 32 29 1
0 62 63 64 33 34 35 1
0 56 61 57 29 32 12 1
0 65 66 63 36 37 34 1
0 65 63 62 36 34 33 1
0 64 67 60 35 38 31 1
0 64 60 59 35 31 30 1
0 58 57 66 11 12 37 1
0 58 66 65 11 37 36 1
0 68 69 70 11 36 22 1
0 71 72 73 27 26 35 1
0 74 75 76 28 11 5 1
0 77 68 70 5 11 22 1
0 78 79 80 22 36 33 1
0 78 80 81 22 33 23 1
0 82 83 84 23 33 35 1
0 85 86 87 14 15 4 1
0 88 53 55 28 27 29 1
0 89 90 91 4 15 18 1
0 89 91 92 4 18 9 1
0 93 94 95 5 11 14 1
0 96 97 98 9 18 5 1
0 99 85 87 6 14 4 1
0 100 101 102 17 15 4 1
0 103 100 102 3 17 4 1
0 97 104 98 18 11 5 1
0 105 106 107 4 15 17 1
0 105 107 108 4 17 3 1
0 109 110 111 5 14 6 1
0 48 35 34 24 20 1 1
0 63 67 64 34 38 35 1
0 84 112 113 35 30 27 1
0 82 73 72 23 35 26 1

Materials: 3
"outline"
1.000000 1.000000 1.000000 1.000000
0.800000 0.800000 0.800000 1.000000
0.500000 0.500000 0.500000 1.000000
0.000000 0.000000 0.000000 1.000000
0.192000
1.000000
"textures/border_of_life.png"
""
"Material01"
0.000000 0.000000 0.000000 1.000000
1.000000 1.000000 1.000000 1.000000
1.000000 1.000000 1.000000 1.000000
0.000000 0.000000 0.000000 1.000000
0.000000
1.000000
"textures/texcher_4th.png"
""
"Material02"
0.000000 0.000000 0.000000 1.000000
1.000000 1.000000 1.000000 1.000000
1.000000 1.000000 1.000000 1.000000
0.000000 0.000000 0.000000 1.000000
0.000000
1.000000
"textures/ornate_4th.png"
""

Bones: 0
GroupComments: 0
MaterialComments: 0
BoneComments: 0
ModelComment: 0
