// MilkShape 3D ASCII

Frames: 30
Frame: 1

Meshes: 4
"InkblackArrowMesh BorderOfLife" 0 0
85
0 -10.236729 3.794929 0.000000 0.500000 1.001423 -1
0 -11.910000 3.834810 0.000301 0.000000 1.000000 -1
0 0.000000 -6.120877 0.000000 1.000000 1.001423 -1
0 11.910300 3.946955 0.000301 1.000000 1.000000 -1
0 10.236729 3.794929 0.000000 0.500000 1.000675 -1
0 0.000000 -6.120877 0.000000 0.000000 1.000675 -1
0 -10.236729 30.922256 -0.000000 0.999451 1.000549 -1
0 -11.108700 32.821732 0.000295 1.000549 0.000549 -1
0 -11.732900 32.563202 0.000295 0.000549 -0.000549 -1
0 -11.732900 32.563202 0.000295 1.000549 0.000549 -1
0 -11.910000 31.939049 0.000295 0.000549 -0.000549 -1
0 -10.236729 30.922256 -0.000000 1.000000 1.000000 -1
0 -11.910000 6.948467 0.000299 0.000000 0.000000 -1
0 -10.236729 3.794929 0.000000 0.000000 1.000000 -1
0 -10.236729 30.922256 -0.000000 0.000000 1.000000 -1
0 0.000000 32.821732 0.000295 1.000000 0.000000 -1
0 -11.108700 32.821732 0.000295 0.000000 0.000000 -1
0 11.108700 32.821732 0.000295 0.001833 -0.001826 -1
0 10.236729 30.922256 -0.000000 0.998167 1.001826 -1
0 11.732900 32.530594 0.000295 1.001826 0.001833 -1
0 11.732900 32.530594 0.000295 0.001833 -0.001826 -1
0 11.910300 31.939068 0.000295 1.001826 0.001833 -1
0 10.236729 30.922256 -0.000000 0.000000 1.000000 -1
0 11.910300 6.948467 0.000299 1.000000 0.000000 -1
0 11.910300 31.939068 0.000295 0.000000 0.000000 -1
0 10.236729 30.922256 -0.000000 1.000000 1.000000 -1
0 0.000000 32.821732 0.000295 0.000000 0.000000 -1
0 0.000000 30.500999 0.000295 0.000000 1.000000 -1
0 17.947258 12.743288 0.000299 0.001833 -0.001826 -1
0 18.500000 10.500000 -0.000000 0.998167 1.001826 -1
0 18.597483 13.018636 0.000299 1.001826 0.001833 -1
0 18.597483 13.018636 0.000299 0.001833 -0.001826 -1
0 19.249088 12.746581 0.000299 1.001826 0.001833 -1
0 -19.012512 12.777781 0.000299 0.001833 -0.001826 -1
0 -18.500000 10.500000 -0.000000 0.998167 1.001826 -1
0 -18.391764 13.036960 0.000299 1.001826 0.001833 -1
0 -18.391764 13.036960 0.000299 0.001833 -0.001826 -1
0 -17.772326 12.774653 0.000299 1.001826 0.001833 -1
0 11.910300 3.946955 0.000301 0.000000 1.000000 -1
0 18.500000 10.500000 -0.000000 1.000000 1.000000 -1
0 17.947258 12.743288 0.000299 1.000000 0.000000 -1
0 -31.565107 -1.896940 0.000302 0.001833 -0.001826 -1
0 -30.000000 -1.000000 0.000000 0.998167 1.001826 -1
0 -31.933283 -1.000581 0.000302 1.001826 0.001833 -1
0 -31.933283 -1.000581 0.000302 0.001833 -0.001826 -1
0 -31.569300 -0.102479 0.000301 1.001826 0.001833 -1
0 -18.500000 10.500000 -0.000000 1.000000 1.000000 -1
0 -31.569300 -0.102479 0.000301 0.000000 0.000000 -1
0 -30.000000 -1.000000 0.000000 0.000000 1.000000 -1
0 0.000000 -31.000000 0.000000 0.999451 1.000549 -1
0 -1.070701 -33.184944 0.000310 1.000549 0.000549 -1
0 0.000000 -33.628799 0.000310 0.000549 -0.000549 -1
0 0.000000 -33.628799 0.000310 1.000549 0.000549 -1
0 1.071122 -33.184948 0.000310 0.000549 -0.000549 -1
0 0.000000 -31.000000 0.000000 0.000000 1.000000 -1
0 -31.565107 -1.896940 0.000302 1.000000 0.000000 -1
0 -1.070701 -33.184944 0.000310 0.000000 0.000000 -1
0 30.000000 -1.000000 0.000000 1.000232 0.999768 -1
0 31.539093 -2.082395 0.000302 0.999768 -0.000232 -1
0 31.983402 -1.000700 0.000302 -0.000232 0.000232 -1
0 31.983402 -1.000700 0.000302 0.999768 -0.000232 -1
0 31.544153 0.083094 0.000302 -0.000232 0.000232 -1
0 0.000000 -31.000000 0.000000 1.000000 1.000000 -1
0 31.539093 -2.082395 0.000302 0.000000 0.000000 -1
0 30.000000 -1.000000 0.000000 0.000000 1.000000 -1
0 18.500000 10.500000 -0.000000 0.000000 1.000000 -1
0 31.544153 0.083094 0.000302 1.000000 0.000000 -1
0 19.249088 12.746581 0.000299 0.000000 0.000000 -1
0 -11.910000 6.948467 0.000299 0.000000 1.001423 -1
0 0.000000 -8.000000 0.000000 1.000000 1.000000 -1
0 0.000000 -8.000000 0.000000 0.000000 1.000000 -1
0 11.910300 6.948467 0.000299 1.000000 1.000675 -1
0 -11.910000 31.939049 0.000295 1.000000 0.000000 -1
0 0.000000 30.500999 0.000295 1.000000 1.000000 -1
0 10.236729 3.794929 0.000000 1.000000 1.000000 -1
0 11.108700 32.821732 0.000295 1.000000 0.000000 -1
0 11.910300 6.948467 0.000299 0.000000 0.000000 -1
0 -11.910000 6.948467 0.000299 1.000000 0.000000 -1
0 -17.772326 12.774653 0.000299 0.000000 0.000000 -1
0 -11.910000 3.834810 0.000301 1.000000 1.000000 -1
0 -19.012512 12.777781 0.000299 1.000000 0.000000 -1
0 -30.000000 -1.000000 0.000000 1.000000 1.000000 -1
0 1.071122 -33.184948 0.000310 1.000000 0.000000 -1
0 30.000000 -1.000000 0.000000 1.000000 1.000000 -1
0 -18.500000 10.500000 -0.000000 0.000000 1.000000 -1
13
0.000200 0.000100 1.000000
0.000100 -0.000000 1.000000
-0.000000 -0.000000 1.000000
-0.000100 -0.000000 1.000000
-0.000200 0.000100 1.000000
0.000100 -0.000100 1.000000
-0.000000 -0.000100 1.000000
0.000200 -0.000000 1.000000
-0.000100 -0.000100 1.000000
-0.000200 -0.000000 1.000000
0.000100 0.000100 1.000000
-0.000000 0.000100 1.000000
-0.000100 0.000100 1.000000
40
0 0 1 2 0 1 2 1
0 3 4 5 3 4 2 1
0 6 7 8 5 6 5 1
0 6 9 10 5 5 7 1
0 11 12 13 5 1 0 1
0 14 15 16 5 2 6 1
0 17 18 19 6 8 8 1
0 20 18 21 8 8 9 1
0 22 23 24 8 3 9 1
0 25 26 27 8 2 2 1
0 28 29 30 5 6 6 1
0 31 29 32 6 6 8 1
0 33 34 35 5 6 6 1
0 36 34 37 6 6 8 1
0 38 39 40 3 6 5 1
0 41 42 43 10 1 7 1
0 44 42 45 7 1 5 1
0 46 47 48 6 5 1 1
0 49 50 51 11 10 11 1
0 49 52 53 11 11 12 1
0 54 55 56 11 10 10 1
0 57 58 59 3 12 9 1
0 57 60 61 3 9 8 1
0 62 63 64 11 12 3 1
0 65 66 67 6 8 8 1
0 68 1 0 1 1 0 1
0 1 69 2 1 2 2 1
0 5 70 3 2 2 3 1
0 3 71 4 3 3 4 1
0 11 72 12 5 7 1 1
0 14 73 15 5 2 2 1
0 22 74 23 8 4 3 1
0 25 75 26 8 6 2 1
0 76 38 40 3 3 5 1
0 77 78 79 1 8 1 1
0 46 80 47 6 5 5 1
0 54 81 55 11 1 10 1
0 62 82 63 11 12 12 1
0 65 83 66 6 3 8 1
0 78 84 79 8 6 1 1
"default" 0 1
68
0 -18.500000 10.500000 -0.000000 0.430226 0.582167 -1
0 -28.310608 -1.000000 2.307610 0.363815 0.768769 -1
0 -18.316999 9.072500 2.307610 0.416299 0.636343 -1
0 0.000000 -31.000000 0.000000 0.325438 0.788227 -1
0 30.000000 -1.000000 0.000000 0.441874 0.999499 -1
0 28.310608 -1.000000 2.307610 0.463369 0.947195 -1
0 30.000000 -1.000000 0.000000 0.582045 0.642062 -1
0 18.500000 10.500000 -0.000000 0.630789 0.765137 -1
0 28.310608 -1.000000 2.307610 0.603540 0.589759 -1
0 0.000000 -9.689392 2.307610 0.490903 0.730841 -1
0 0.000000 -8.000000 0.000000 0.510132 0.619339 -1
0 9.156769 29.522865 2.307609 0.488384 0.739345 -1
0 10.236729 30.922256 0.000000 0.513800 0.773313 -1
0 -10.236729 30.922256 0.000000 0.584641 0.760198 -1
0 -9.156799 29.523315 2.307609 0.606070 0.701153 -1
0 -9.156769 4.271897 2.307610 0.624279 0.981320 -1
0 -10.236729 3.794929 0.000000 0.588343 0.925889 -1
0 -0.000000 -4.420384 2.307612 0.547809 0.970278 -1
0 -5.859115 25.819363 7.455309 0.272110 0.527080 -1
0 5.859115 25.819363 7.455309 0.268869 0.510166 -1
0 -9.156799 29.523315 2.307609 0.273437 0.523137 -1
0 5.859114 5.856141 7.455311 0.268366 0.512599 -1
0 9.156769 29.522865 2.307609 0.267429 0.506360 -1
0 -5.859114 5.856141 7.455311 0.272343 0.511853 -1
0 -9.156769 4.271897 2.307610 0.270493 0.519082 -1
0 0.000000 -0.093610 7.455311 0.270586 0.506394 -1
0 -0.000000 -4.420384 2.307612 0.268765 0.510018 -1
0 9.156769 4.271897 2.307611 0.266693 0.508191 -1
0 23.920000 -1.109100 7.455311 0.279398 0.347905 -1
0 0.000000 -29.500000 2.307610 0.276726 0.348823 -1
0 28.310608 -1.000000 2.307610 0.277213 0.345316 -1
0 0.018187 -13.607000 7.455310 0.281201 0.342707 -1
0 18.409000 4.420101 7.455311 0.281124 0.352169 -1
0 18.316677 9.072498 2.307610 0.277304 0.346462 -1
0 0.000000 -25.196552 7.455313 0.275458 0.344814 -1
0 -23.920113 -1.109120 7.455310 0.279716 0.337753 -1
0 -18.409065 4.420114 7.455311 0.279654 0.337132 -1
0 -18.316999 9.072500 2.307610 0.278661 0.338274 -1
0 -28.310608 -1.000000 2.307610 0.277951 0.340285 -1
0 0.000000 -9.689392 2.307610 0.279712 0.346235 -1
0 -28.310608 -1.000000 2.307610 0.583416 0.740735 -1
0 0.000000 -31.000000 0.000000 0.543872 0.998484 -1
0 0.000000 -29.500000 2.307610 0.470812 0.941342 -1
0 0.000000 -29.500000 2.307610 0.366851 0.759120 -1
0 18.316677 9.072498 2.307610 0.640609 0.634387 -1
0 9.156769 4.271897 2.307611 0.492220 0.976343 -1
0 -28.310608 -1.000000 2.307610 0.624361 0.768023 -1
0 -30.000000 -1.000000 0.000000 0.624361 0.768023 -1
0 -0.000000 -4.420384 2.307612 0.549233 0.952970 -1
0 10.236729 3.794929 0.000000 0.513269 0.935552 -1
0 9.156769 4.271897 2.307611 0.513269 0.935552 -1
0 0.000000 -6.120877 0.000000 0.549233 0.952970 -1
0 -28.310608 -1.000000 2.307610 0.352587 0.750530 -1
0 -18.500000 10.500000 -0.000000 0.429547 0.570240 -1
0 -30.000000 -1.000000 0.000000 0.352587 0.750530 -1
0 5.859115 25.819363 7.455309 0.096146 0.716822 -1
0 -5.859115 25.819363 7.455309 0.157497 0.713763 -1
0 0.000000 -0.093610 7.455311 0.126809 0.978182 -1
0 5.859114 5.856141 7.455311 0.096081 0.898083 -1
0 -5.859114 5.856141 7.455311 0.157431 0.895025 -1
0 23.920000 -1.109100 7.455311 0.200891 0.764486 -1
0 18.409000 4.420101 7.455311 0.150213 0.734152 -1
0 0.000000 -25.196552 7.455313 0.202755 0.965013 -1
0 0.000000 -25.196552 7.455313 0.056846 0.969154 -1
0 0.018187 -13.607000 7.455310 0.105068 0.938724 -1
0 -18.409065 4.420114 7.455311 0.106030 0.742486 -1
0 0.018187 -13.607000 7.455310 0.153991 0.938262 -1
0 -23.920113 -1.109120 7.455310 0.063196 0.766465 -1
39
-0.637000 0.632000 0.441500
0.628000 -0.628000 0.459700
0.628000 0.628000 0.459700
-0.000000 0.855100 0.518500
-0.905700 -0.000000 0.423900
-0.622600 -0.655800 0.426900
-0.000000 0.811700 0.584100
0.842000 -0.000000 0.539400
-0.842000 -0.000000 0.539400
-0.613700 -0.604400 0.508000
0.573500 -0.604100 0.553300
0.611000 -0.606900 0.508300
-0.584800 0.596600 0.549700
-0.611400 -0.607100 0.507600
0.584000 0.597000 0.550000
0.602300 0.597600 0.529300
-0.603200 0.598500 0.527200
0.632500 0.617500 0.467700
-0.600500 0.598500 0.530200
-0.631100 0.616200 0.471200
-0.611000 -0.606900 0.508300
0.611400 -0.607100 0.507600
0.602200 0.600200 0.526400
-0.645000 -0.640700 0.416500
0.645000 -0.640700 0.416500
0.636900 0.632000 0.441500
0.669900 0.654000 0.351400
0.613700 -0.604400 0.508000
-0.573500 -0.604100 0.553300
-0.000000 0.811700 0.584000
-0.000000 0.855100 0.518400
0.905700 -0.000000 0.423900
-0.628000 -0.628000 0.459700
0.622600 -0.655800 0.426900
-0.614900 -0.634800 0.467800
-0.628000 0.628000 0.459700
-0.000000 -0.000000 1.000000
0.614900 -0.634800 0.467800
-0.669900 0.654000 0.351400
51
0 0 1 2 0 0 0 1
0 3 4 5 1 1 1 1
0 6 7 8 2 2 2 1
0 9 10 0 2 2 2 1
0 11 12 13 3 3 3 1
0 14 13 15 4 4 4 1
0 15 16 17 5 5 5 1
0 18 19 20 6 6 6 1
0 19 21 22 7 7 7 1
0 23 20 24 8 8 8 1
0 25 23 26 9 9 9 1
0 21 26 27 10 10 10 1
0 28 29 30 11 11 11 1
0 31 32 33 12 12 12 1
0 34 35 29 13 13 13 1
0 36 31 37 14 14 14 1
0 32 30 33 15 15 15 1
0 35 37 38 16 16 16 1
0 37 31 39 17 17 17 1
0 37 35 36 18 18 18 1
0 33 39 31 19 19 19 1
0 29 35 38 20 20 20 1
0 29 28 34 21 21 21 1
0 30 32 28 22 22 22 1
0 40 41 42 23 23 23 1
0 5 43 3 24 24 24 1
0 8 7 44 25 25 25 1
0 9 0 2 26 26 26 1
0 20 23 18 8 8 8 1
0 22 21 27 7 7 7 1
0 26 21 25 27 27 27 1
0 26 23 24 28 28 28 1
0 20 19 22 29 29 29 1
0 15 13 16 4 4 4 1
0 13 14 11 30 30 30 1
0 12 11 45 31 31 31 1
0 46 47 41 32 32 32 1
0 48 49 50 33 33 33 1
0 12 50 49 31 31 31 1
0 48 16 51 34 34 34 1
0 52 53 54 35 35 35 1
0 55 56 57 36 36 36 1
0 57 58 55 36 36 36 1
0 56 59 57 36 36 36 1
0 60 61 62 36 36 36 1
0 63 64 65 36 36 36 1
0 62 61 66 36 36 36 1
0 65 67 63 36 36 36 1
0 48 51 49 37 37 37 1
0 10 9 7 35 35 35 1
0 9 44 7 38 38 38 1
"ornate" 0 2
11
0 5.848007 25.853003 7.599998 0.578212 0.108513 -1
0 -5.848007 25.853003 7.599998 0.423303 0.108513 -1
0 0.000000 -0.124401 7.600000 0.500758 0.490150 -1
0 5.848000 5.857186 7.599999 0.578212 0.410506 -1
0 -5.848000 5.883375 7.599999 0.423303 0.410506 -1
0 23.905001 -1.081400 7.600000 0.860530 0.522400 -1
0 18.403999 4.413001 7.599999 0.789035 0.449347 -1
0 0.026189 -25.154268 7.600002 0.498463 0.876724 -1
0 0.000000 -13.601968 7.600001 0.500024 0.732181 -1
0 -18.404274 4.412991 7.599999 0.217190 0.443170 -1
0 -23.904560 -1.081361 7.600000 0.144137 0.514663 -1
1
-0.000000 -0.000000 1.000000
7
0 0 1 2 0 0 0 1
0 2 3 0 0 0 0 1
0 1 4 2 0 0 0 1
0 5 6 7 0 0 0 1
0 7 8 9 0 0 0 1
0 7 6 8 0 0 0 1
0 9 10 7 0 0 0 1
"inner frame" 0 1
26
3 22.673000 -1.251400 7.688477 0.906178 0.756633 -1
3 0.000000 -25.196552 7.688478 0.936917 1.020525 -1
3 23.920000 -1.109100 7.688477 0.914189 0.741481 -1
3 0.000000 -14.823844 7.688478 0.885065 0.975117 -1
3 18.280001 2.984800 7.688477 0.864218 0.719223 -1
3 18.409000 4.420100 7.688477 0.858408 0.696852 -1
3 0.000000 -23.857262 7.688478 0.743768 0.991997 -1
3 -22.673326 -1.251415 7.741274 0.774831 0.742063 -1
3 0.000000 -25.196552 7.688478 0.738248 0.990252 -1
3 -18.280012 2.984767 7.688477 0.814309 0.721498 -1
3 0.000000 -14.823844 7.688478 0.793816 0.966527 -1
3 -18.409065 4.420113 7.688477 0.819835 0.692331 -1
3 -23.920113 -1.109121 7.682724 0.764720 0.727127 -1
3 0.000000 -23.857262 7.688478 0.932826 1.012947 -1
3 0.018187 -13.607031 7.688478 0.817941 0.953389 -1
3 0.018187 -13.607031 7.688478 0.861821 0.957525 -1
3 5.859114 5.856140 7.692389 0.880370 0.930368 -1
3 4.965323 25.004480 7.692387 0.861388 0.686596 -1
3 4.965322 6.493312 7.692388 0.861573 0.917474 -1
3 -5.859114 5.856140 7.692389 0.713028 0.932707 -1
3 -4.965323 25.004480 7.692387 0.733627 0.688382 -1
3 -5.859115 25.819363 7.692387 0.713848 0.670162 -1
3 0.000000 1.387670 7.692389 0.803738 0.944924 -1
3 0.000000 -0.093611 7.692389 0.806263 0.956899 -1
3 -4.965322 6.493312 7.692388 0.733811 0.919260 -1
3 5.859115 25.819363 7.692387 0.881190 0.667823 -1
5
-0.000000 -0.000000 1.000000
0.002300 -0.000000 1.000000
-0.042200 0.041000 0.998300
0.011100 0.001000 0.999900
-0.052800 -0.052200 0.997200
22
3 0 1 2 0 0 0 1
3 3 4 5 0 0 0 1
3 6 7 8 1 1 1 1
3 9 10 11 0 0 0 1
3 4 2 5 0 0 0 1
3 7 11 12 2 2 2 1
3 1 0 13 0 0 0 1
3 11 10 14 0 0 0 1
3 11 7 9 3 3 3 1
3 5 15 3 0 0 0 1
3 2 4 0 0 0 0 1
3 8 7 12 4 4 4 1
3 16 17 18 0 0 0 1
3 19 20 21 0 0 0 1
3 18 22 16 0 0 0 1
3 22 19 23 0 0 0 1
3 24 20 19 0 0 0 1
3 17 16 25 0 0 0 1
3 20 17 25 0 0 0 1
3 19 22 24 0 0 0 1
3 16 22 23 0 0 0 1
3 25 21 20 0 0 0 1

Materials: 3
"outline"
1.000000 1.000000 1.000000 1.000000
0.800000 0.800000 0.800000 1.000000
0.500000 0.500000 0.500000 1.000000
0.000000 0.000000 0.000000 1.000000
0.192000
1.000000
"textures/border_of_life.png"
""
"Material01"
0.000000 0.000000 0.000000 1.000000
1.000000 1.000000 1.000000 1.000000
1.000000 1.000000 1.000000 1.000000
0.000000 0.000000 0.000000 1.000000
0.000000
1.000000
"textures/texcher_4th.png"
""
"Material02"
0.000000 0.000000 0.000000 1.000000
1.000000 1.000000 1.000000 1.000000
1.000000 1.000000 1.000000 1.000000
0.000000 0.000000 0.000000 1.000000
0.000000
1.000000
"textures/ornate_4th.png"
""

Bones: 0
GroupComments: 0
MaterialComments: 0
BoneComments: 0
ModelComment: 0
