// MilkShape 3D ASCII

Frames: 30
Frame: 1

Meshes: 4
"inkblack arrow mesh border of life" 0 0
106
3 0.000000 -5.137908 0.000000 0.000000 1.000000 -1
3 -9.660185 4.522276 -0.000000 1.000000 1.000000 -1
3 -11.510276 6.948467 -0.000000 1.000000 0.000000 -1
3 0.000846 -7.709101 -0.000000 0.000000 0.000000 -1
3 9.660185 4.522276 -0.000000 0.000000 1.000000 -1
3 0.000000 -5.137908 0.000000 1.000000 1.000000 -1
3 0.000846 -7.709101 -0.000000 1.000000 0.000000 -1
3 11.511969 6.948467 -0.000000 0.000000 0.000000 -1
3 -11.808359 3.167025 -0.000000 0.000000 1.000000 -1
3 0.000000 -8.641335 0.000000 1.000000 1.000000 -1
3 -11.510276 6.948467 -0.000000 0.000000 0.000000 -1
3 0.000000 -8.641335 0.000000 0.000000 1.000000 -1
3 11.808358 3.167025 -0.000000 1.000000 1.000000 -1
3 11.511969 6.948467 -0.000000 1.000000 0.000000 -1
3 -8.816691 30.358658 -0.000000 0.999451 1.000549 -1
3 -10.627589 32.821732 -0.000000 1.000549 0.000549 -1
3 -11.251744 32.563202 -0.000000 0.000549 -0.000549 -1
3 -9.413133 30.111605 -0.000000 -0.000549 0.999451 -1
3 -9.413133 30.111605 -0.000000 0.999451 1.000549 -1
3 -11.251744 32.563202 -0.000000 1.000549 0.000549 -1
3 -11.510276 31.939047 -0.000000 0.000549 -0.000549 -1
3 -9.660185 29.515165 -0.000000 -0.000549 0.999451 -1
3 -9.660185 4.522276 -0.000000 0.000000 1.000000 -1
3 -9.660185 29.515165 -0.000000 1.000000 1.000000 -1
3 -11.510276 31.939047 -0.000000 1.000000 0.000000 -1
3 -8.816691 30.358658 -0.000000 0.000000 1.000000 -1
3 0.000000 30.358658 -0.000000 1.000000 1.000000 -1
3 0.000846 32.821732 -0.000000 1.000000 0.000000 -1
3 -10.627589 32.821732 -0.000000 0.000000 0.000000 -1
3 10.629295 32.821732 -0.000000 0.001833 -0.001826 -1
3 8.710303 30.358658 -0.000000 -0.001826 0.998167 -1
3 9.381970 30.080444 -0.000000 0.998167 1.001826 -1
3 11.253428 32.530594 -0.000000 1.001826 0.001833 -1
3 11.253428 32.530594 -0.000000 0.001833 -0.001826 -1
3 9.381970 30.080444 -0.000000 -0.001826 0.998167 -1
3 9.660185 29.408775 -0.000000 0.998167 1.001826 -1
3 11.511969 31.939068 -0.000000 1.001826 0.001833 -1
3 9.660185 29.408775 -0.000000 0.000000 1.000000 -1
3 9.660185 4.522276 -0.000000 1.000000 1.000000 -1
3 11.511969 31.939068 -0.000000 0.000000 0.000000 -1
3 0.000000 30.358658 -0.000000 0.000000 1.000000 -1
3 8.710303 30.358658 -0.000000 1.000000 1.000000 -1
3 10.629295 32.821732 -0.000000 1.000000 0.000000 -1
3 0.000846 32.821732 -0.000000 0.000000 0.000000 -1
3 17.845266 12.816108 -0.000000 0.001833 -0.001826 -1
3 18.107325 9.593791 -0.000000 -0.001826 0.998167 -1
3 18.728676 9.856913 -0.000000 0.998167 1.001826 -1
3 18.495491 13.091455 -0.000000 1.001826 0.001833 -1
3 18.495491 13.091455 -0.000000 0.001833 -0.001826 -1
3 18.728676 9.856913 -0.000000 -0.001826 0.998167 -1
3 19.351349 9.596938 -0.000000 0.998167 1.001826 -1
3 19.147097 12.819401 -0.000000 1.001826 0.001833 -1
3 11.808358 3.167025 -0.000000 0.000000 1.000000 -1
3 18.107325 9.593791 -0.000000 1.000000 1.000000 -1
3 17.845266 12.816108 -0.000000 1.000000 0.000000 -1
3 -19.114504 12.850600 -0.000000 0.001833 -0.001826 -1
3 -19.321814 9.626741 -0.000000 -0.001826 0.998167 -1
3 -18.728626 9.874414 -0.000000 0.998167 1.001826 -1
3 -18.493755 13.109779 -0.000000 1.001826 0.001833 -1
3 -18.493755 13.109779 -0.000000 0.001833 -0.001826 -1
3 -18.728626 9.874414 -0.000000 -0.001826 0.998167 -1
3 -18.136694 9.623753 -0.000000 0.998167 1.001826 -1
3 -17.874317 12.847473 -0.000000 1.001826 0.001833 -1
3 -18.136694 9.623753 -0.000000 0.000000 1.000000 -1
3 -11.808359 3.167025 -0.000000 1.000000 1.000000 -1
3 -17.874317 12.847473 -0.000000 0.000000 0.000000 -1
3 -31.977991 -2.259821 0.000000 0.001833 -0.001826 -1
3 -28.954491 -1.821586 0.000000 -0.001826 0.998167 -1
3 -29.309786 -0.965029 0.000000 0.998167 1.001826 -1
3 -32.349792 -1.363462 0.000000 1.001826 0.001833 -1
3 -32.349792 -1.363462 0.000000 0.001833 -0.001826 -1
3 -29.309786 -0.965029 0.000000 -0.001826 0.998167 -1
3 -28.958536 -0.106803 0.000000 0.998167 1.001826 -1
3 -31.982225 -0.465359 0.000000 1.001826 0.001833 -1
3 -28.958536 -0.106803 0.000000 0.000000 1.000000 -1
3 -19.321814 9.626741 -0.000000 1.000000 1.000000 -1
3 -19.114504 12.850600 -0.000000 1.000000 0.000000 -1
3 -31.982225 -0.465359 0.000000 0.000000 0.000000 -1
3 -1.023354 -29.768255 0.000000 0.999451 1.000549 -1
3 -1.070064 -33.184944 0.000000 1.000549 0.000549 -1
3 0.000847 -33.628773 0.000000 0.000549 -0.000549 -1
3 0.000006 -30.192381 0.000000 -0.000549 0.999451 -1
3 0.000006 -30.192381 0.000000 0.999451 1.000549 -1
3 0.000847 -33.628773 0.000000 1.000549 0.000549 -1
3 1.071759 -33.184948 0.000000 0.000549 -0.000549 -1
3 1.023367 -29.768259 0.000000 -0.000549 0.999451 -1
3 -1.023354 -29.768255 0.000000 0.000000 1.000000 -1
3 -28.954491 -1.821586 0.000000 1.000000 1.000000 -1
3 -31.977991 -2.259821 0.000000 1.000000 0.000000 -1
3 -1.070064 -33.184944 0.000000 0.000000 0.000000 -1
3 28.777922 -1.998458 0.000000 1.000232 0.999768 -1
3 31.794924 -2.444906 0.000000 0.999768 -0.000232 -1
3 32.243610 -1.363210 0.000000 -0.000232 0.000232 -1
3 29.206688 -0.964795 0.000000 0.000232 1.000232 -1
3 29.206688 -0.964795 0.000000 1.000232 0.999768 -1
3 32.243610 -1.363210 0.000000 0.999768 -0.000232 -1
3 31.800037 -0.279417 0.000000 -0.000232 0.000232 -1
3 28.782810 0.070875 -0.000000 0.000232 1.000232 -1
3 28.777922 -1.998458 0.000000 0.000000 1.000000 -1
3 1.023367 -29.768259 0.000000 1.000000 1.000000 -1
3 1.071759 -33.184948 0.000000 1.000000 0.000000 -1
3 31.794924 -2.444906 0.000000 0.000000 0.000000 -1
3 19.351349 9.596938 -0.000000 0.000000 1.000000 -1
3 28.782810 0.070875 -0.000000 1.000000 1.000000 -1
3 31.800037 -0.279417 0.000000 1.000000 0.000000 -1
3 19.147097 12.819401 -0.000000 0.000000 0.000000 -1
1
-0.000000 -0.000000 1.000000
56
3 0 1 2 0 0 0 1
3 0 2 3 0 0 0 1
3 4 5 6 0 0 0 1
3 4 6 7 0 0 0 1
3 8 9 6 0 0 0 1
3 8 6 10 0 0 0 1
3 11 12 13 0 0 0 1
3 11 13 3 0 0 0 1
3 14 15 16 0 0 0 1
3 14 16 17 0 0 0 1
3 18 19 20 0 0 0 1
3 18 20 21 0 0 0 1
3 22 23 24 0 0 0 1
3 22 24 10 0 0 0 1
3 25 26 27 0 0 0 1
3 25 27 28 0 0 0 1
3 29 30 31 0 0 0 1
3 29 31 32 0 0 0 1
3 33 34 35 0 0 0 1
3 33 35 36 0 0 0 1
3 37 38 13 0 0 0 1
3 37 13 39 0 0 0 1
3 40 41 42 0 0 0 1
3 40 42 43 0 0 0 1
3 44 45 46 0 0 0 1
3 44 46 47 0 0 0 1
3 48 49 50 0 0 0 1
3 48 50 51 0 0 0 1
3 52 53 54 0 0 0 1
3 52 54 7 0 0 0 1
3 55 56 57 0 0 0 1
3 55 57 58 0 0 0 1
3 59 60 61 0 0 0 1
3 59 61 62 0 0 0 1
3 63 64 2 0 0 0 1
3 63 2 65 0 0 0 1
3 66 67 68 0 0 0 1
3 66 68 69 0 0 0 1
3 70 71 72 0 0 0 1
3 70 72 73 0 0 0 1
3 74 75 76 0 0 0 1
3 74 76 77 0 0 0 1
3 78 79 80 0 0 0 1
3 78 80 81 0 0 0 1
3 82 83 84 0 0 0 1
3 82 84 85 0 0 0 1
3 86 87 88 0 0 0 1
3 86 88 89 0 0 0 1
3 90 91 92 0 0 0 1
3 90 92 93 0 0 0 1
3 94 95 96 0 0 0 1
3 94 96 97 0 0 0 1
3 98 99 100 0 0 0 1
3 98 100 101 0 0 0 1
3 102 103 104 0 0 0 1
3 102 104 105 0 0 0 1
"amethyst back" 0 1
25
0 0.000000 -6.000000 0.000000 0.281250 0.500000 -1
0 10.000000 4.000000 -0.000000 0.281250 0.500000 -1
0 0.000000 -1.757360 0.000001 0.130164 0.481917 -1
0 10.000000 30.500000 -0.000004 0.281250 0.500000 -1
0 7.000000 27.500000 -0.000003 0.016004 0.382888 -1
0 -10.000000 4.000000 -0.000000 0.281250 0.500000 -1
0 -7.000000 5.242640 0.000001 0.102693 0.580211 -1
0 -7.000000 27.500000 -0.000003 0.015750 0.579762 -1
0 0.000000 30.500000 -0.000004 0.281250 0.500000 -1
0 -10.000000 30.500000 -0.000004 0.281250 0.500000 -1
0 0.000000 27.500000 -0.000003 0.015877 0.481326 -1
0 25.757359 -1.000000 -0.000000 0.162918 0.224425 -1
0 18.500000 10.500000 -0.000002 0.281250 0.500000 -1
0 18.500000 6.257360 -0.000001 0.099703 0.294042 -1
0 0.000000 -12.242639 0.000001 0.148999 0.473090 -1
0 0.000000 -26.757359 0.000004 0.231552 0.473712 -1
0 0.000000 -31.000000 0.000004 0.000000 1.000000 -1
0 -30.000000 -1.000000 0.000000 0.281250 0.500000 -1
0 -25.757359 -1.000000 -0.000000 0.165064 0.723093 -1
0 -18.500000 10.500000 -0.000002 0.000000 1.000000 -1
0 -18.500000 6.257360 -0.000001 0.101398 0.655140 -1
0 7.000000 5.242640 0.000001 0.102947 0.383338 -1
0 0.000000 -8.000000 0.000002 0.000000 1.000000 -1
0 0.000000 -26.757359 0.000004 0.232057 0.472028 -1
0 30.000000 -1.000000 0.000000 0.281250 0.500000 -1
1
-0.000000 -0.000000 1.000000
24
0 0 1 2 0 0 0 1
0 3 4 1 0 0 0 1
0 0 2 5 0 0 0 1
0 5 6 7 0 0 0 1
0 8 9 7 0 0 0 1
0 8 10 4 0 0 0 1
0 11 12 13 0 0 0 1
0 13 12 14 0 0 0 1
0 11 15 16 0 0 0 1
0 17 16 18 0 0 0 1
0 18 19 17 0 0 0 1
0 20 14 19 0 0 0 1
0 4 3 8 0 0 0 1
0 7 10 8 0 0 0 1
0 7 9 5 0 0 0 1
0 4 21 1 0 0 0 1
0 1 21 2 0 0 0 1
0 2 6 5 0 0 0 1
0 12 22 14 0 0 0 1
0 14 22 19 0 0 0 1
0 19 18 20 0 0 0 1
0 16 23 18 0 0 0 1
0 16 24 11 0 0 0 1
0 12 11 24 0 0 0 1
"default" 0 1
142
0 -18.500000 6.257360 7.319755 0.084477 0.359656 -1
0 0.000000 -12.242639 7.319756 0.082441 0.569002 -1
0 0.000000 -11.263569 6.858219 0.095921 0.559387 -1
0 -18.500000 7.236432 6.858217 0.097957 0.350041 -1
0 0.000000 -27.736431 6.858221 0.246297 0.657752 -1
0 26.736431 -1.000000 6.858217 0.246297 0.358078 -1
0 25.757359 -0.999999 7.319755 0.235879 0.363565 -1
0 0.000000 -27.736431 6.858221 0.244958 0.656413 -1
0 25.757359 -0.999999 7.319755 0.234540 0.362226 -1
0 0.000000 -26.757359 7.319759 0.234540 0.650926 -1
0 26.736431 -1.000000 6.858217 0.242288 0.341739 -1
0 18.500000 7.236432 6.858217 0.160478 0.344095 -1
0 18.500000 6.257360 7.319755 0.165388 0.364791 -1
0 25.757359 -0.999999 7.319755 0.237473 0.362715 -1
0 -25.757359 -0.999999 7.319755 0.009533 0.360974 -1
0 -18.500000 6.257360 7.319755 0.083702 0.361207 -1
0 -18.500000 7.236432 6.858217 0.097182 0.351591 -1
0 -26.736431 -1.000000 6.858217 0.008807 0.335815 -1
0 18.500000 7.236432 6.858217 0.154839 0.354678 -1
0 0.000000 -11.263569 6.858219 0.154715 0.565231 -1
0 0.000000 -12.242639 7.319756 0.165130 0.570805 -1
0 18.500000 6.257360 7.319755 0.165254 0.360252 -1
0 0.000000 -26.757359 7.319759 0.010120 0.649281 -1
0 -25.757359 -0.999999 7.319755 0.010120 0.364670 -1
0 -26.736431 -1.000000 6.858217 0.000969 0.325621 -1
0 0.000000 -26.757359 7.319759 0.003602 0.325290 -1
0 -26.736431 -1.000000 6.858217 0.002978 0.635660 -1
0 0.000000 -27.736431 6.858221 0.010729 0.644925 -1
0 0.000000 -30.271166 2.556633 0.281250 0.500000 -1
0 0.000000 -31.000000 0.000002 0.281250 0.500000 -1
0 30.000000 -1.000000 0.000000 0.281250 0.500000 -1
0 29.271166 -1.000000 2.556629 0.281250 0.500000 -1
0 18.500000 9.771165 2.556628 0.281250 0.500000 -1
0 18.500000 10.500000 -0.000001 0.281250 0.500000 -1
0 0.000000 -8.000000 0.000001 0.281250 0.500000 -1
0 0.000000 -8.728835 2.556631 0.281250 0.500000 -1
0 -18.500000 10.500000 -0.000001 0.281250 0.500000 -1
0 -18.500000 9.771165 2.556628 0.281250 0.500000 -1
0 -29.271166 -1.000000 2.556629 0.281250 0.500000 -1
0 -30.000000 -1.000000 0.000000 0.281250 0.500000 -1
0 7.692307 4.955877 6.858217 0.178460 0.542777 -1
0 7.692307 28.192308 6.858213 0.178351 0.359263 -1
0 7.000000 27.500000 7.319751 0.173366 0.364735 -1
0 7.000000 5.242640 7.319755 0.173471 0.540518 -1
0 0.000000 28.192308 6.858213 0.124760 0.350469 -1
0 -7.692307 28.192308 6.858213 0.067988 0.351423 -1
0 0.000000 27.500000 7.319751 0.124811 0.362751 -1
0 -7.692307 28.192308 6.858213 0.074201 0.366139 -1
0 -7.692307 4.955877 6.858217 0.074565 0.541717 -1
0 -7.000000 5.242640 7.319755 0.063088 0.544790 -1
0 -7.000000 27.500000 7.319751 0.063295 0.332473 -1
0 -7.692307 4.955877 6.858217 0.123893 0.592982 -1
0 0.000000 -2.736429 6.858217 0.074624 0.538714 -1
0 -7.000000 5.242640 7.319755 0.121396 0.605064 -1
0 0.000000 -2.736429 6.858217 0.124658 0.609202 -1
0 7.692307 4.955877 6.858217 0.178778 0.550447 -1
0 7.000000 5.242640 7.319755 0.173496 0.539471 -1
0 0.000000 -1.757360 7.319755 0.123820 0.593783 -1
0 7.692307 28.192308 6.858213 0.179110 0.352600 -1
0 0.000000 28.192308 6.858213 0.123683 0.352163 -1
0 0.000000 27.500000 7.319751 0.123764 0.364971 -1
0 7.000000 27.500000 7.319751 0.173023 0.365155 -1
0 -7.000000 27.500000 7.319751 0.073149 0.363619 -1
0 -7.692307 4.955877 6.858217 0.618249 0.423006 -1
0 -9.484635 4.213471 2.556600 0.618249 0.425224 -1
0 0.000000 -5.271165 2.556630 0.618249 0.566889 -1
0 -7.692307 28.192308 6.858213 0.499916 0.045651 -1
0 -9.484635 29.984636 2.556625 0.499916 0.040297 -1
0 -9.484635 4.213471 2.556600 0.499916 0.425224 -1
0 -9.484635 4.213471 2.556600 0.281250 0.500000 -1
0 0.000000 -6.000000 0.000000 0.281250 0.500000 -1
0 0.000000 -5.271165 2.556630 0.281250 0.500000 -1
0 -9.484635 29.984636 2.556625 0.281250 0.500000 -1
0 -10.000000 30.500000 -0.000002 0.281250 0.500000 -1
0 -10.000000 4.000000 -0.000000 0.281250 0.500000 -1
0 9.484635 29.984636 2.556625 0.281250 0.500000 -1
0 10.000000 30.500000 -0.000002 0.281250 0.500000 -1
0 0.000000 29.984636 2.556625 0.281250 0.500000 -1
0 9.484635 4.213471 2.556629 0.281250 0.500000 -1
0 10.000000 4.000000 -0.000000 0.281250 0.500000 -1
0 0.000000 30.500000 -0.000002 0.281250 0.500000 -1
0 0.000000 -5.271165 2.556630 0.918038 0.572338 -1
0 9.484635 4.213471 2.556629 0.918038 0.438245 -1
0 7.692307 4.955877 6.858217 0.918038 0.436027 -1
0 -7.692307 28.192308 6.858213 0.321729 0.046089 -1
0 0.000000 28.192308 6.858213 0.321729 0.046089 -1
0 0.000000 29.984636 2.556625 0.321729 0.030026 -1
0 -7.692307 4.955877 6.858217 0.618249 0.416353 -1
0 0.000000 -5.271165 2.556630 0.618249 0.559317 -1
0 0.000000 -2.736429 6.858217 0.618249 0.536601 -1
0 0.000000 -2.736429 6.858217 0.918038 0.549622 -1
0 7.692307 4.955877 6.858217 0.866435 0.423006 -1
0 9.484635 4.213471 2.556629 0.866435 0.425224 -1
0 9.484635 29.984636 2.556625 0.866435 0.040297 -1
0 7.692307 28.192308 6.858213 0.866435 0.045651 -1
0 7.692307 28.192308 6.858213 0.321729 0.030026 -1
0 9.484635 29.984636 2.556625 0.321729 0.024672 -1
0 0.000000 29.984636 2.556625 0.321729 0.024672 -1
0 29.271166 -1.000000 2.556629 0.615625 0.503094 -1
0 18.500000 9.771165 2.556628 0.615625 0.342212 -1
0 18.500000 7.236432 6.858217 0.615625 0.349784 -1
0 -18.500000 7.236432 6.858217 0.393949 0.166190 -1
0 -18.500000 9.771165 2.556628 0.393949 0.158618 -1
0 -29.271166 -1.000000 2.556629 0.393949 0.319500 -1
0 -26.736431 -1.000000 6.858217 0.393949 0.319500 -1
0 0.000000 -27.736431 6.858221 0.925457 0.901475 -1
0 0.000000 -30.271166 2.556633 0.925457 0.909047 -1
0 29.271166 -1.000000 2.556629 0.925457 0.636716 -1
0 -26.736431 -1.000000 6.858217 0.703464 0.645819 -1
0 -29.271166 -1.000000 2.556629 0.703464 0.645819 -1
0 0.000000 -27.736431 6.858221 0.702233 0.932725 -1
0 26.736431 -1.000000 6.858217 0.615625 0.503094 -1
0 0.000000 -8.728835 2.556631 0.858125 0.640670 -1
0 -18.500000 9.771165 2.556628 0.661882 0.364348 -1
0 -18.500000 7.236432 6.858217 0.661882 0.371920 -1
0 0.000000 -11.263569 6.858219 0.858125 0.648242 -1
0 0.000000 -30.271166 2.556633 0.702233 0.940297 -1
0 18.500000 7.236432 6.858217 0.451328 0.398298 -1
0 18.500000 9.771165 2.556628 0.453424 0.391992 -1
0 0.000000 -8.728835 2.556631 0.376934 0.622103 -1
0 0.000000 -11.263569 6.858219 0.374838 0.628409 -1
0 0.000000 -27.736431 6.858221 0.927152 0.919704 -1
0 29.271166 -1.000000 2.556629 0.927152 0.654945 -1
0 26.736431 -1.000000 6.858217 0.927152 0.654945 -1
0 -9.484635 29.984636 2.556625 0.321729 0.024672 -1
0 -7.692307 28.192308 6.858213 0.321729 0.030026 -1
0 -7.692307 4.955877 6.858217 0.546791 0.411531 -1
0 0.000000 -1.757360 7.319755 0.073494 0.551292 -1
0 0.000000 -12.242639 7.319756 0.148999 0.473090 -1
0 0.000000 -26.757359 7.319759 0.231552 0.473712 -1
0 18.500000 6.257360 7.319755 0.099703 0.294042 -1
0 -18.500000 6.257360 7.319755 0.101398 0.655140 -1
0 0.000000 -26.757359 7.319759 0.232057 0.472028 -1
0 0.000000 -12.242639 7.319756 0.149515 0.474814 -1
0 -25.757359 -0.999999 7.319755 0.165064 0.723093 -1
0 0.000000 -1.757360 7.319755 0.130164 0.481917 -1
0 0.000000 27.500000 7.319751 0.015877 0.481326 -1
0 -7.000000 27.500000 7.319751 0.015750 0.579762 -1
0 -7.000000 5.242640 7.319755 0.102693 0.580211 -1
0 7.000000 5.242640 7.319755 0.102947 0.383338 -1
0 7.000000 27.500000 7.319751 0.016004 0.382888 -1
0 25.757359 -0.999999 7.319755 0.162918 0.224425 -1
39
-0.000000 0.315700 0.948900
-0.000000 0.110800 0.993800
-0.000000 0.580600 0.814200
-0.000000 0.737100 0.675800
-0.000000 -0.737100 0.675800
0.737100 -0.000000 0.675800
0.315700 -0.000000 0.948900
-0.000000 -0.315700 0.948900
-0.315700 -0.000000 0.948900
-0.737100 -0.000000 0.675800
-0.000000 -0.927200 0.374600
-0.000000 -0.961700 0.274200
0.961700 -0.000000 0.274200
0.927200 -0.000000 0.374600
-0.000000 0.927200 0.374600
-0.000000 0.961700 0.274200
-0.000000 0.909000 0.416800
-0.927200 -0.000000 0.374600
-0.961700 -0.000000 0.274200
0.720000 -0.298200 0.626600
0.521200 0.521200 0.675800
0.223200 0.223200 0.948900
0.307600 -0.127400 0.942900
-0.000000 0.772000 0.635600
-0.521200 0.521200 0.675800
-0.000000 0.289800 0.957100
-0.720000 -0.298200 0.626600
-0.307600 -0.127400 0.942900
-0.223200 0.223200 0.948900
-0.879400 -0.364300 0.306500
-0.655600 0.655600 0.374600
-0.680000 0.680000 0.274200
-0.902600 -0.373900 0.213200
0.655600 0.655600 0.374600
0.680000 0.680000 0.274200
-0.000000 0.956300 0.292500
0.879400 -0.364300 0.306500
0.902600 -0.373900 0.213200
-0.000000 0.980300 0.197600
80
0 0 1 2 0 1 2 1
0 0 2 3 0 2 3 1
0 4 5 6 4 5 6 1
0 7 8 9 4 6 7 1
0 10 11 12 5 3 0 1
0 10 12 13 5 0 6 1
0 14 15 16 8 0 3 1
0 14 16 17 8 3 9 1
0 18 19 20 3 2 1 1
0 18 20 21 3 1 0 1
0 22 23 24 7 8 9 1
0 25 26 27 7 9 4 1
0 28 29 30 10 11 12 1
0 28 30 31 10 12 13 1
0 32 33 34 14 15 15 1
0 35 34 36 16 15 15 1
0 35 36 37 16 15 14 1
0 31 30 33 13 12 15 1
0 31 33 32 13 15 14 1
0 38 29 28 17 11 10 1
0 37 36 39 14 15 18 1
0 37 39 38 14 18 17 1
0 38 39 29 17 18 11 1
0 32 34 35 14 15 16 1
0 40 41 42 19 20 21 1
0 40 42 43 19 21 22 1
0 44 45 46 23 24 25 1
0 47 48 49 24 26 27 1
0 47 49 50 24 27 28 1
0 51 52 53 26 4 27 1
0 54 55 56 4 19 22 1
0 54 56 57 4 22 7 1
0 58 59 60 20 23 25 1
0 58 60 61 20 25 21 1
0 45 62 46 24 28 25 1
0 63 64 65 26 29 10 1
0 66 67 68 24 30 29 1
0 69 70 71 29 11 10 1
0 72 73 74 30 31 32 1
0 72 74 69 30 32 29 1
0 75 76 77 33 34 35 1
0 69 74 70 29 32 11 1
0 78 79 76 36 37 34 1
0 78 76 75 36 34 33 1
0 77 80 73 35 38 31 1
0 77 73 72 35 31 30 1
0 71 70 79 10 11 37 1
0 71 79 78 10 37 36 1
0 81 82 83 10 36 19 1
0 84 85 86 24 23 35 1
0 87 88 89 26 10 4 1
0 90 81 83 4 10 19 1
0 91 92 93 19 36 33 1
0 91 93 94 19 33 20 1
0 95 96 97 20 33 35 1
0 98 99 100 13 14 3 1
0 101 102 103 3 14 17 1
0 101 103 104 3 17 9 1
0 105 106 107 4 10 13 1
0 108 109 110 9 17 4 1
0 111 98 100 5 13 3 1
0 112 113 114 16 14 3 1
0 115 112 114 2 16 3 1
0 109 116 110 17 10 4 1
0 117 118 119 3 14 16 1
0 117 119 120 3 16 2 1
0 121 122 123 4 13 5 1
0 76 80 77 34 38 35 1
0 97 124 125 35 30 24 1
0 95 86 85 20 35 23 1
0 126 66 68 26 24 29 1
0 52 127 53 4 7 27 1
0 128 129 130 1 7 0 1
0 131 132 133 0 7 1 1
0 131 134 132 0 8 7 1
0 135 136 137 7 25 28 1
0 135 137 138 7 28 27 1
0 139 140 135 22 21 7 1
0 129 141 130 7 6 0 1
0 140 136 135 21 25 7 1
"shine" 0 3
18
0 -0.022612 -11.856030 7.500002 0.525826 0.389869 -1
0 -0.022612 -26.496466 7.500004 0.526648 0.315299 -1
0 18.637621 6.804203 7.500000 0.256194 0.482157 -1
0 -18.682844 6.804203 7.500000 0.784641 0.477893 -1
0 -0.022612 -26.496466 7.500004 0.526993 0.314922 -1
0 -0.022612 -11.856030 7.500002 0.525772 0.389764 -1
0 -18.682844 6.804203 7.500000 0.782812 0.476777 -1
0 -26.003059 -0.516015 7.500000 0.840359 0.439656 -1
0 -0.022612 -26.496466 7.500004 0.526333 0.314769 -1
0 -0.022612 -1.990484 7.500000 0.527457 0.432746 -1
0 -0.022612 27.520279 7.499996 0.530322 0.660955 -1
0 -7.083241 27.520279 7.499996 0.661100 0.660526 -1
0 -7.083241 5.070144 7.500000 0.658722 0.491237 -1
0 7.038017 5.070144 7.500000 0.399945 0.490703 -1
0 7.038017 27.520279 7.499996 0.404326 0.661590 -1
0 -0.022612 -26.496466 7.500004 0.526171 0.314880 -1
0 25.957836 -0.516015 7.500000 0.216025 0.448815 -1
0 18.637621 6.804203 7.500000 0.255969 0.482129 -1
1
-0.000000 -0.000000 1.000000
8
0 0 1 2 0 0 0 1
0 3 4 5 0 0 0 1
0 6 7 8 0 0 0 1
0 9 10 11 0 0 0 1
0 9 11 12 0 0 0 1
0 13 14 9 0 0 0 1
0 15 16 17 0 0 0 1
0 14 10 9 0 0 0 1

Materials: 4
"outline"
1.000000 1.000000 1.000000 1.000000
0.800000 0.800000 0.800000 1.000000
0.500000 0.500000 0.500000 1.000000
0.000000 0.000000 0.000000 1.000000
0.192000
1.000000
"border_of_life.png"
""
"default"
1.000000 1.000000 1.000000 1
0 0 0 1
0.500000 0.500000 0.500000 1
0.000000 0.000000 0.000000 1
0.999999
1.000000
"texcher_4th.png"
""
"ornate"
1.000000 1.000000 1.000000 0.000000
0.800000 0.800000 0.800000 0.000000
0.500000 0.500000 0.500000 0.000000
0.000000 0.000000 0.000000 0.000000
0.192000
1.000000
"ornate_4th.png"
""
"shine"
1.000000 1.000000 1.000000 1.000000
0.800000 0.800000 0.800000 1.000000
0.500000 0.500000 0.500000 1.000000
0.000000 0.000000 0.000000 1.000000
0.192000
1.000000
"shine_4th.png"
""

Bones: 0
GroupComments: 0
MaterialComments: 0
BoneComments: 0
ModelComment: 0
