// MilkShape 3D ASCII

Frames: 30
Frame: 1

Meshes: 1
"default" 1 0
133
1 0.000000 -12.242640 6.000001 0.165737 0.567979 -1
1 0.000000 -26.757359 6.000002 0.237902 0.648162 -1
1 18.500000 6.257360 6.000000 0.165737 0.363581 -1
1 -18.500000 6.257360 6.000000 0.281250 0.500000 -1
1 0.000000 -12.242640 6.000001 0.281250 0.500000 -1
1 0.000000 -11.263570 5.538463 0.281250 0.500000 -1
1 -18.500000 7.236431 5.538462 0.281250 0.500000 -1
1 0.000000 -27.736431 5.538464 0.281250 0.500000 -1
1 26.736431 -1.000000 5.538462 0.281250 0.500000 -1
1 25.757359 -1.000000 6.000000 0.281250 0.500000 -1
1 0.000000 -26.757359 6.000002 0.281250 0.500000 -1
1 18.500000 7.236431 5.538462 0.281250 0.500000 -1
1 18.500000 6.257360 6.000000 0.281250 0.500000 -1
1 -25.757359 -1.000000 6.000000 0.281250 0.500000 -1
1 -26.736431 -1.000000 5.538462 0.281250 0.500000 -1
1 -18.500000 6.257360 6.000000 0.082310 0.363581 -1
1 0.000000 -26.757359 6.000002 0.010145 0.648162 -1
1 0.000000 -12.242640 6.000001 0.082310 0.567979 -1
1 0.000000 -27.736431 5.538464 0.718819 0.902438 -1
1 26.736431 -1.000000 5.538462 0.718819 0.503094 -1
1 -25.757359 -1.000000 6.000000 0.010145 0.363581 -1
1 0.000000 -30.271166 1.236876 0.281250 0.500000 -1
1 0.000000 -31.000000 0.000002 0.281250 0.500000 -1
1 30.000000 -1.000000 0.000000 0.281250 0.500000 -1
1 29.271166 -1.000000 1.236874 0.281250 0.500000 -1
1 18.500000 9.771165 1.236873 0.281250 0.500000 -1
1 18.500000 10.500000 -0.000001 0.281250 0.500000 -1
1 0.000000 -8.000000 0.000001 0.281250 0.500000 -1
1 0.000000 -8.728835 1.236875 0.281250 0.500000 -1
1 -18.500000 10.500000 -0.000001 0.281250 0.500000 -1
1 -18.500000 9.771165 1.236873 0.281250 0.500000 -1
1 -29.271166 -1.000000 1.236874 0.281250 0.500000 -1
1 -30.000000 -1.000000 0.000000 0.281250 0.500000 -1
1 0.000000 -1.757360 6.000000 0.124023 0.593808 -1
1 0.000000 27.500000 5.999998 0.124023 0.365234 -1
1 -7.000000 27.500000 5.999998 0.074805 0.365234 -1
1 -7.000000 5.242640 6.000000 0.074805 0.539120 -1
1 7.692307 4.955877 5.538462 0.281250 0.500000 -1
1 7.692307 28.192308 5.538460 0.281250 0.500000 -1
1 7.000000 27.500000 5.999998 0.281250 0.500000 -1
1 7.000000 5.242640 6.000000 0.281250 0.500000 -1
1 0.000000 28.192308 5.538460 0.281250 0.500000 -1
1 -7.692307 28.192308 5.538460 0.281250 0.500000 -1
1 0.000000 27.500000 5.999998 0.281250 0.500000 -1
1 -7.692307 4.955877 5.538462 0.281250 0.500000 -1
1 -7.000000 5.242640 6.000000 0.281250 0.500000 -1
1 -7.000000 27.500000 5.999998 0.281250 0.500000 -1
1 0.000000 -2.736430 5.538462 0.281250 0.500000 -1
1 0.000000 -1.757360 6.000000 0.281250 0.500000 -1
1 7.000000 5.242640 6.000000 0.173242 0.539120 -1
1 7.000000 27.500000 5.999998 0.173242 0.365234 -1
1 25.757359 -1.000000 6.000000 0.237902 0.363581 -1
1 0.000000 -2.736430 5.538462 0.718819 0.529030 -1
1 7.692307 4.955877 5.538462 0.718819 0.416353 -1
1 7.692307 4.955877 5.538462 0.718819 0.414135 -1
1 0.000000 -5.271165 1.236874 0.718819 0.559317 -1
1 0.000000 -5.271165 1.236874 0.718819 0.566889 -1
1 9.484635 4.213471 1.236874 0.718819 0.425224 -1
1 -7.692307 4.955877 5.538462 0.618249 0.423006 -1
1 -9.484635 4.213471 1.236874 0.618249 0.425224 -1
1 0.000000 -5.271165 1.236874 0.618249 0.566889 -1
1 0.000000 -5.271165 1.236874 0.618249 0.559317 -1
1 -7.692307 28.192308 5.538460 0.499916 0.045651 -1
1 -9.484635 29.984636 1.236872 0.499916 0.040297 -1
1 -9.484635 4.213471 1.236874 0.499916 0.425224 -1
1 -9.484635 4.213471 1.236874 0.281250 0.500000 -1
1 0.000000 -6.000000 0.000000 0.281250 0.500000 -1
1 0.000000 -5.271165 1.236874 0.281250 0.500000 -1
1 -9.484635 29.984636 1.236872 0.281250 0.500000 -1
1 -10.000000 30.500000 -0.000002 0.281250 0.500000 -1
1 -10.000000 4.000000 -0.000000 0.281250 0.500000 -1
1 9.484635 29.984636 1.236872 0.281250 0.500000 -1
1 10.000000 30.500000 -0.000002 0.281250 0.500000 -1
1 0.000000 29.984636 1.236872 0.281250 0.500000 -1
1 9.484635 4.213471 1.236874 0.281250 0.500000 -1
1 10.000000 4.000000 -0.000000 0.281250 0.500000 -1
1 0.000000 30.500000 -0.000002 0.281250 0.500000 -1
1 0.000000 -5.271165 1.236874 0.918038 0.572338 -1
1 9.484635 4.213471 1.236874 0.918038 0.438245 -1
1 7.692307 4.955877 5.538462 0.918038 0.436027 -1
1 -7.692307 28.192308 5.538460 0.321729 0.046089 -1
1 0.000000 28.192308 5.538460 0.321729 0.046089 -1
1 0.000000 29.984636 1.236872 0.321729 0.030026 -1
1 0.000000 28.192308 5.538460 0.497510 0.067068 -1
1 -7.692307 28.192308 5.538460 0.497510 0.061714 -1
1 -7.692307 28.192308 5.538460 0.497510 0.067068 -1
1 -7.692307 4.955877 5.538462 0.618249 0.416353 -1
1 0.000000 -2.736430 5.538462 0.618249 0.536601 -1
1 0.000000 -2.736430 5.538462 0.918038 0.549622 -1
1 7.692307 4.955877 5.538462 0.866435 0.423006 -1
1 9.484635 4.213471 1.236874 0.866435 0.425224 -1
1 9.484635 29.984636 1.236872 0.866435 0.040297 -1
1 7.692307 28.192308 5.538460 0.866435 0.045651 -1
1 7.692307 28.192308 5.538460 0.321729 0.030026 -1
1 9.484635 29.984636 1.236872 0.321729 0.024672 -1
1 0.000000 29.984636 1.236872 0.321729 0.024672 -1
1 18.500000 7.236431 5.538462 0.423246 0.380072 -1
1 0.000000 -11.263570 5.538463 0.423246 0.648822 -1
1 0.000000 -11.263570 5.538463 0.423246 0.656394 -1
1 29.271166 -1.000000 1.236874 0.615625 0.503094 -1
1 18.500000 9.771165 1.236873 0.615625 0.342212 -1
1 18.500000 7.236431 5.538462 0.615625 0.349784 -1
1 -18.500000 7.236431 5.538462 0.518298 0.291530 -1
1 -26.736431 -1.000000 5.538462 0.518298 0.414552 -1
1 -18.500000 7.236431 5.538462 0.393949 0.166190 -1
1 -18.500000 9.771165 1.236873 0.393949 0.158618 -1
1 -29.271166 -1.000000 1.236874 0.393949 0.319500 -1
1 -26.736431 -1.000000 5.538462 0.393949 0.319500 -1
1 0.000000 -27.736431 5.538464 0.822335 0.901475 -1
1 0.000000 -30.271166 1.236876 0.822335 0.909047 -1
1 29.271166 -1.000000 1.236874 0.822335 0.636716 -1
1 -26.736431 -1.000000 5.538462 0.703464 0.645819 -1
1 -29.271166 -1.000000 1.236874 0.703464 0.645819 -1
1 0.000000 -27.736431 5.538464 0.702233 0.932725 -1
1 26.736431 -1.000000 5.538462 0.615625 0.503094 -1
1 0.000000 -8.728835 1.236875 0.858125 0.640670 -1
1 -18.500000 9.771165 1.236873 0.661882 0.364348 -1
1 -18.500000 7.236431 5.538462 0.661882 0.371920 -1
1 0.000000 -11.263570 5.538463 0.858125 0.648242 -1
1 0.000000 -30.271166 1.236876 0.702233 0.940297 -1
1 18.500000 7.236431 5.538462 0.451328 0.398298 -1
1 18.500000 9.771165 1.236873 0.453424 0.391992 -1
1 0.000000 -8.728835 1.236875 0.376934 0.622103 -1
1 0.000000 -11.263570 5.538463 0.374838 0.628409 -1
1 0.000000 -27.736431 5.538464 0.927152 0.919704 -1
1 29.271166 -1.000000 1.236874 0.927152 0.654945 -1
1 26.736431 -1.000000 5.538462 0.927152 0.654945 -1
1 0.000000 -27.736431 5.538464 0.927152 0.889417 -1
1 0.000000 -27.736431 5.538464 0.927152 0.896989 -1
1 26.736431 -1.000000 5.538462 0.927152 0.490073 -1
1 -9.484635 29.984636 1.236872 0.321729 0.024672 -1
1 -7.692307 28.192308 5.538460 0.321729 0.030026 -1
1 -7.692307 4.955877 5.538462 0.546791 0.411531 -1
56
-0.000000 0.110800 0.993800
0.259800 -0.259800 0.930100
-0.000000 0.315700 0.948900
-0.000000 0.402300 0.915500
-0.000000 0.426400 0.904500
0.392100 -0.392100 0.832200
0.221400 -0.000000 0.975200
0.315700 -0.000000 0.948900
-0.392200 0.392200 0.832100
0.637000 -0.000000 0.770900
-0.355600 -0.355600 0.864300
-0.241600 -0.241600 0.939800
-0.392200 -0.392200 0.832100
-0.000000 -0.000000 1.000000
0.652700 -0.652700 0.384600
0.861600 -0.000000 0.507700
0.011800 0.861500 0.507600
-0.000000 0.861500 0.507700
0.632400 0.667400 0.393300
0.652700 0.652700 0.384600
-0.652700 -0.652700 0.384600
-0.652700 0.652700 0.384600
-0.000000 -0.315700 0.948900
-0.000000 0.289800 0.957100
-0.223200 0.223200 0.948900
-0.307600 -0.127400 0.942900
0.304900 -0.126300 0.944000
0.521200 0.521200 0.675800
0.223200 0.223200 0.948900
0.307600 -0.127400 0.942900
-0.000000 0.772000 0.635600
-0.156500 0.156500 0.975200
-0.484500 -0.200700 0.851500
-0.000000 -0.737100 0.675800
0.658600 -0.272800 0.701300
0.268900 -0.468800 0.841400
-0.069800 -0.069800 0.995100
-0.000000 -0.000000 -0.000000
-0.842200 -0.348800 0.411100
-0.842200 -0.348900 0.411100
-0.450400 0.450400 0.770900
-0.923100 -0.000000 0.384600
-0.609200 0.609200 0.507700
-0.846300 -0.338900 0.411100
0.609200 0.609200 0.507700
-0.000000 0.923100 0.384600
0.591900 -0.694400 0.409200
0.842200 -0.348900 0.411100
0.842200 -0.348800 0.411100
0.923100 -0.000000 0.384600
-0.000000 0.861500 0.507800
-0.000000 0.532600 0.846300
0.860700 0.044000 0.507200
-0.637000 -0.000000 0.770900
0.420600 -0.420600 0.803800
-0.400900 -0.452500 0.796500
90
1 0 1 2 0 1 2 1
1 3 4 5 3 0 4 1
1 3 5 6 3 4 4 1
1 7 8 9 5 6 7 1
1 7 9 10 5 7 1 1
1 8 11 12 6 4 2 1
1 8 12 9 6 2 7 1
1 13 3 6 8 3 4 1
1 13 6 14 8 4 8 1
1 11 5 4 4 4 0 1
1 11 4 12 4 0 2 1
1 15 16 17 3 1 0 1
1 18 19 19 5 9 6 1
1 10 13 14 10 11 12 1
1 10 14 7 10 12 12 1
1 15 20 16 13 11 10 1
1 21 22 23 14 14 15 1
1 21 23 24 14 15 15 1
1 25 26 27 16 17 18 1
1 28 27 29 19 18 19 1
1 28 29 30 19 19 19 1
1 24 23 26 15 15 17 1
1 24 26 25 15 17 16 1
1 31 22 21 20 20 20 1
1 30 29 32 21 21 21 1
1 30 32 31 21 21 21 1
1 31 32 22 20 20 20 1
1 25 27 28 21 21 21 1
1 33 34 35 22 23 24 1
1 33 35 36 22 24 25 1
1 37 38 39 26 27 28 1
1 37 39 40 26 28 29 1
1 41 42 43 30 31 23 1
1 42 44 45 31 32 25 1
1 42 45 46 31 25 24 1
1 44 47 45 32 33 25 1
1 47 37 40 33 26 29 1
1 47 40 48 33 29 22 1
1 38 41 43 27 30 23 1
1 38 43 39 27 23 28 1
1 49 50 33 29 28 22 1
1 1 51 2 1 7 2 1
1 42 46 43 31 24 23 1
1 52 53 54 33 34 26 1
1 55 56 57 35 36 37 1
1 58 59 60 38 39 36 1
1 58 60 61 38 36 35 1
1 62 63 64 40 41 39 1
1 65 66 67 20 20 20 1
1 68 69 70 42 42 39 1
1 68 70 65 42 39 43 1
1 71 72 73 44 44 45 1
1 65 70 66 43 39 46 1
1 74 75 72 47 48 44 1
1 74 72 71 47 44 44 1
1 73 76 69 45 45 42 1
1 73 69 68 45 42 42 1
1 67 66 75 35 46 48 1
1 67 75 74 35 48 47 1
1 77 78 79 35 14 34 1
1 80 81 82 40 30 45 1
1 83 84 85 30 40 31 1
1 86 61 87 38 35 33 1
1 88 77 79 33 35 34 1
1 89 90 91 34 49 44 1
1 89 91 92 34 44 27 1
1 93 94 95 27 44 45 1
1 96 97 98 50 51 13 1
1 99 100 101 52 17 50 1
1 102 103 103 17 53 13 1
1 104 105 106 17 21 21 1
1 104 106 107 17 21 53 1
1 108 109 110 54 14 14 1
1 111 112 113 53 20 55 1
1 114 99 101 9 52 50 1
1 115 116 117 17 19 17 1
1 118 115 117 51 17 17 1
1 112 119 113 20 20 55 1
1 120 121 122 50 17 17 1
1 120 122 123 50 17 51 1
1 124 125 126 55 52 9 1
1 127 128 129 54 55 9 1
1 50 34 33 28 23 22 1
1 72 76 73 44 45 45 1
1 95 130 131 45 45 40 1
1 95 131 82 45 40 45 1
1 93 95 82 27 45 45 1
1 93 82 81 27 45 30 1
1 132 62 64 38 40 39 1
1 47 48 45 33 22 25 1

Materials: 1
"Material01"
0.200000 0.200000 0.200000 1.000000
0.800000 0.800000 0.800000 1.000000
0.000000 0.000000 0.000000 1.000000
0.000000 0.000000 0.000000 1.000000
0.000000
1.000000
"texcher_4th.png"
""

Bones: 0
GroupComments: 0
MaterialComments: 0
BoneComments: 0
ModelComment: 0
