// MilkShape 3D ASCII

Frames: 30
Frame: 1

Meshes: 3
"InkblackArrowMesh BorderOfLife" 0 0
85
0 -10.000000 4.000000 -0.000001 0.500000 1.001423 -1
0 -11.910000 3.834810 -0.000001 0.000000 1.000000 -1
0 0.000000 -5.686500 -0.000001 1.000000 1.001423 -1
0 11.910300 3.946955 -0.000001 1.000000 1.000000 -1
0 10.000000 4.000000 -0.000001 0.500000 1.000675 -1
0 0.000000 -5.686500 -0.000001 0.000000 1.000675 -1
0 -10.000000 30.500000 -0.000002 0.999451 1.000549 -1
0 -11.108700 32.821732 -0.000002 1.000549 0.000549 -1
0 -11.732900 32.563202 -0.000002 0.000549 -0.000549 -1
0 -11.732900 32.563202 -0.000002 1.000549 0.000549 -1
0 -11.910000 31.939049 -0.000002 0.000549 -0.000549 -1
0 -10.000000 30.500000 -0.000002 1.000000 1.000000 -1
0 -11.910000 6.948467 -0.000001 0.000000 0.000000 -1
0 -10.000000 4.000000 -0.000001 0.000000 1.000000 -1
0 -10.000000 30.500000 -0.000002 0.000000 1.000000 -1
0 0.000000 32.821732 -0.000002 1.000000 0.000000 -1
0 -11.108700 32.821732 -0.000002 0.000000 0.000000 -1
0 11.108700 32.821732 -0.000002 0.001833 -0.001826 -1
0 10.000000 30.500000 -0.000002 0.998167 1.001826 -1
0 11.732900 32.530594 -0.000002 1.001826 0.001833 -1
0 11.732900 32.530594 -0.000002 0.001833 -0.001826 -1
0 11.910300 31.939068 -0.000002 1.001826 0.001833 -1
0 10.000000 30.500000 -0.000002 0.000000 1.000000 -1
0 11.910300 6.948467 -0.000001 1.000000 0.000000 -1
0 11.910300 31.939068 -0.000002 0.000000 0.000000 -1
0 10.000000 30.500000 -0.000002 1.000000 1.000000 -1
0 0.000000 32.821732 -0.000002 0.000000 0.000000 -1
0 0.000000 30.500000 -0.000002 0.000000 1.000000 -1
0 17.947258 12.743288 -0.000001 0.001833 -0.001826 -1
0 18.500000 10.500000 -0.000001 0.998167 1.001826 -1
0 18.597483 13.018636 -0.000001 1.001826 0.001833 -1
0 18.597483 13.018636 -0.000001 0.001833 -0.001826 -1
0 19.249088 12.746581 -0.000001 1.001826 0.001833 -1
0 -19.012512 12.777781 -0.000001 0.001833 -0.001826 -1
0 -18.500000 10.500000 -0.000001 0.998167 1.001826 -1
0 -18.391764 13.036960 -0.000001 1.001826 0.001833 -1
0 -18.391764 13.036960 -0.000001 0.001833 -0.001826 -1
0 -17.772326 12.774653 -0.000001 1.001826 0.001833 -1
0 11.910300 3.946955 -0.000001 0.000000 1.000000 -1
0 18.500000 10.500000 -0.000001 1.000000 1.000000 -1
0 17.947258 12.743288 -0.000001 1.000000 0.000000 -1
0 -31.565107 -1.896940 -0.000001 0.001833 -0.001826 -1
0 -30.000000 -1.000000 -0.000001 0.998167 1.001826 -1
0 -31.933283 -1.000581 -0.000001 1.001826 0.001833 -1
0 -31.933283 -1.000581 -0.000001 0.001833 -0.001826 -1
0 -31.569300 -0.102479 -0.000001 1.001826 0.001833 -1
0 -18.500000 10.500000 -0.000001 1.000000 1.000000 -1
0 -31.569300 -0.102479 -0.000001 0.000000 0.000000 -1
0 -30.000000 -1.000000 -0.000001 0.000000 1.000000 -1
0 0.000000 -31.000000 -0.000001 0.999451 1.000549 -1
0 -1.070701 -33.184944 -0.000001 1.000549 0.000549 -1
0 0.000000 -33.628799 -0.000001 0.000549 -0.000549 -1
0 0.000000 -33.628799 -0.000001 1.000549 0.000549 -1
0 1.071122 -33.184948 -0.000001 0.000549 -0.000549 -1
0 0.000000 -31.000000 -0.000001 0.000000 1.000000 -1
0 -31.565107 -1.896940 -0.000001 1.000000 0.000000 -1
0 -1.070701 -33.184944 -0.000001 0.000000 0.000000 -1
0 30.000000 -1.000000 -0.000001 1.000232 0.999768 -1
0 31.539093 -2.082395 -0.000001 0.999768 -0.000232 -1
0 31.983402 -1.000700 -0.000001 -0.000232 0.000232 -1
0 31.983402 -1.000700 -0.000001 0.999768 -0.000232 -1
0 31.544153 0.083094 -0.000001 -0.000232 0.000232 -1
0 0.000000 -31.000000 -0.000001 1.000000 1.000000 -1
0 31.539093 -2.082395 -0.000001 0.000000 0.000000 -1
0 30.000000 -1.000000 -0.000001 0.000000 1.000000 -1
0 18.500000 10.500000 -0.000001 0.000000 1.000000 -1
0 31.544153 0.083094 -0.000001 1.000000 0.000000 -1
0 19.249088 12.746581 -0.000001 0.000000 0.000000 -1
0 -11.910000 6.948467 -0.000001 0.000000 1.001423 -1
0 0.000000 -8.000000 -0.000001 1.000000 1.000000 -1
0 0.000000 -8.000000 -0.000001 0.000000 1.000000 -1
0 11.910300 6.948467 -0.000001 1.000000 1.000675 -1
0 -11.910000 31.939049 -0.000002 1.000000 0.000000 -1
0 0.000000 30.500000 -0.000002 1.000000 1.000000 -1
0 10.000000 4.000000 -0.000001 1.000000 1.000000 -1
0 11.108700 32.821732 -0.000002 1.000000 0.000000 -1
0 11.910300 6.948467 -0.000001 0.000000 0.000000 -1
0 -11.910000 6.948467 -0.000001 1.000000 0.000000 -1
0 -17.772326 12.774653 -0.000001 0.000000 0.000000 -1
0 -11.910000 3.834810 -0.000001 1.000000 1.000000 -1
0 -19.012512 12.777781 -0.000001 1.000000 0.000000 -1
0 -30.000000 -1.000000 -0.000001 1.000000 1.000000 -1
0 1.071122 -33.184948 -0.000001 1.000000 0.000000 -1
0 30.000000 -1.000000 -0.000001 1.000000 1.000000 -1
0 -18.500000 10.500000 -0.000001 0.000000 1.000000 -1
1
-0.000000 -0.000000 1.000000
40
0 0 1 2 0 0 0 1
0 3 4 5 0 0 0 1
0 6 7 8 0 0 0 1
0 6 9 10 0 0 0 1
0 11 12 13 0 0 0 1
0 14 15 16 0 0 0 1
0 17 18 19 0 0 0 1
0 20 18 21 0 0 0 1
0 22 23 24 0 0 0 1
0 25 26 27 0 0 0 1
0 28 29 30 0 0 0 1
0 31 29 32 0 0 0 1
0 33 34 35 0 0 0 1
0 36 34 37 0 0 0 1
0 38 39 40 0 0 0 1
0 41 42 43 0 0 0 1
0 44 42 45 0 0 0 1
0 46 47 48 0 0 0 1
0 49 50 51 0 0 0 1
0 49 52 53 0 0 0 1
0 54 55 56 0 0 0 1
0 57 58 59 0 0 0 1
0 57 60 61 0 0 0 1
0 62 63 64 0 0 0 1
0 65 66 67 0 0 0 1
0 68 1 0 0 0 0 1
0 1 69 2 0 0 0 1
0 5 70 3 0 0 0 1
0 3 71 4 0 0 0 1
0 11 72 12 0 0 0 1
0 14 73 15 0 0 0 1
0 22 74 23 0 0 0 1
0 25 75 26 0 0 0 1
0 76 38 40 0 0 0 1
0 77 78 79 0 0 0 1
0 46 80 47 0 0 0 1
0 54 81 55 0 0 0 1
0 62 82 63 0 0 0 1
0 65 83 66 0 0 0 1
0 78 84 79 0 0 0 1
"default" 0 1
85
0 -8.870457 29.370457 2.307610 0.586102 0.690893 -1
0 8.870457 29.370457 2.307609 0.460659 0.689394 -1
0 10.000000 30.500000 0.000000 0.452305 0.723109 -1
0 8.870457 29.370457 2.307609 0.581676 0.730327 -1
0 10.000000 4.000000 0.000000 0.588720 0.965443 -1
0 10.000000 30.500000 0.000000 0.589362 0.719934 -1
0 -8.870456 4.478444 2.307611 0.460788 0.959767 -1
0 -8.870457 29.370457 2.307610 0.460846 0.733251 -1
0 -10.000000 4.000000 0.000000 0.452503 0.968740 -1
0 0.000000 -4.113923 2.307612 0.530037 0.969970 -1
0 0.000000 -5.686500 0.000000 0.531470 0.973486 -1
0 8.870456 4.478444 2.307611 0.581618 0.956843 -1
0 -6.503583 27.391262 7.455309 0.272110 0.527080 -1
0 6.503583 27.391262 7.455307 0.268869 0.510166 -1
0 -8.870457 29.370457 2.307610 0.273437 0.523137 -1
0 6.503582 5.868664 7.455309 0.268366 0.512599 -1
0 8.870457 29.370457 2.307609 0.267429 0.506360 -1
0 -6.503582 5.868664 7.455309 0.272343 0.511853 -1
0 -8.870456 4.478444 2.307611 0.270493 0.519082 -1
0 0.000000 -0.818710 7.455311 0.270586 0.506394 -1
0 0.000000 -4.113923 2.307612 0.268765 0.510018 -1
0 8.870456 4.478444 2.307611 0.266693 0.508191 -1
0 28.310608 -1.000000 2.307610 0.606029 0.806305 -1
0 0.000000 -31.000000 0.000000 0.462103 0.977098 -1
0 30.000000 -1.000000 0.000000 0.608268 0.816098 -1
0 0.000000 -9.689392 2.307610 0.461970 0.793428 -1
0 18.500000 8.810608 2.307610 0.613719 0.690601 -1
0 18.500000 10.500000 -0.000000 0.617293 0.645863 -1
0 0.000000 -29.310608 2.307610 0.453992 0.953799 -1
0 -28.310608 -1.000000 2.307610 0.348008 0.840511 -1
0 -18.500000 8.810608 2.307610 0.354798 0.685841 -1
0 -18.500000 10.500000 -0.000000 0.344511 0.672158 -1
0 -30.000000 -1.000000 0.000000 0.338993 0.850170 -1
0 24.720331 -1.000000 7.455311 0.279398 0.347905 -1
0 0.000000 -29.310608 2.307610 0.276726 0.348823 -1
0 28.310608 -1.000000 2.307610 0.277213 0.345316 -1
0 0.000000 -13.279669 7.455312 0.281201 0.342707 -1
0 18.500000 5.220332 7.441940 0.281124 0.352169 -1
0 18.500000 8.810608 2.307610 0.277304 0.346462 -1
0 0.000000 -25.720331 7.427505 0.275458 0.344814 -1
0 -24.720331 -1.000000 7.441199 0.279716 0.337753 -1
0 -18.500000 5.220332 7.455311 0.279654 0.337132 -1
0 -18.500000 8.810608 2.307610 0.278661 0.338274 -1
0 -28.310608 -1.000000 2.307610 0.277951 0.340285 -1
0 0.000000 -25.720331 7.407851 0.275458 0.344814 -1
0 -24.720331 -1.000000 7.407849 0.279716 0.337753 -1
0 18.500000 5.220332 7.395281 0.281124 0.352169 -1
0 0.000000 -9.689392 2.307610 0.279712 0.346235 -1
0 0.000000 -8.000000 0.000000 0.469845 0.740360 -1
0 -18.500000 5.220332 7.407849 0.279654 0.337132 -1
0 -10.000000 30.500000 0.000000 0.453146 0.723231 -1
0 -10.000000 30.500000 0.000000 0.593378 0.720573 -1
0 6.503582 5.868664 7.455309 0.880370 0.930368 -1
0 4.965323 25.853003 7.455309 0.861388 0.686596 -1
0 4.965322 6.493313 7.455311 0.861573 0.917474 -1
0 -6.503582 5.868664 7.455309 0.713028 0.932707 -1
0 -4.965323 25.853003 7.455309 0.733627 0.688382 -1
0 -6.503583 27.391262 7.455309 0.713848 0.670162 -1
0 4.965323 25.853003 7.455309 0.096146 0.716822 -1
0 -4.965323 25.853003 7.455309 0.157497 0.713763 -1
0 0.000000 1.387670 7.455311 0.126809 0.978182 -1
0 4.965322 6.493313 7.455311 0.096081 0.898083 -1
0 0.000000 1.387670 7.455311 0.803738 0.944924 -1
0 0.000000 -0.818710 7.455311 0.806263 0.956899 -1
0 -4.965322 6.493313 7.455311 0.733811 0.919260 -1
0 6.503583 27.391262 7.455307 0.881190 0.667823 -1
0 -4.965322 6.493313 7.455311 0.157431 0.895025 -1
0 23.176155 -1.000000 7.455311 0.220859 0.823120 -1
0 18.500000 3.676156 7.455311 0.220819 0.717322 -1
0 0.000000 -24.176155 7.455313 0.125364 0.884333 -1
0 23.176155 -1.000000 7.455311 0.955775 0.823806 -1
0 0.000000 -25.720331 7.455313 0.840901 0.967452 -1
0 24.720331 -1.000000 7.455311 0.965537 0.834056 -1
0 0.000000 -14.823844 7.455312 0.845584 0.854631 -1
0 18.500000 3.676156 7.455311 0.959880 0.732294 -1
0 18.500000 5.220332 7.455311 0.968580 0.714052 -1
0 0.000000 -24.176155 7.455313 0.843160 0.957257 -1
0 -23.176155 -1.000000 7.455310 0.742229 0.835860 -1
0 -18.500000 3.676156 7.455310 0.743933 0.754793 -1
0 -18.500000 5.220332 7.455311 0.732670 0.736966 -1
0 -24.720331 -1.000000 7.455311 0.732953 0.851644 -1
0 0.000000 -14.823844 7.455312 0.124157 0.783232 -1
0 -18.500000 3.676156 7.455310 0.030176 0.726817 -1
0 -23.176155 -1.000000 7.455310 0.029782 0.815773 -1
0 0.000000 -13.279669 7.438784 0.846376 0.804951 -1
36
-0.000000 0.898200 0.439600
0.898200 -0.000000 0.439600
-0.898200 -0.000000 0.439600
-0.624900 -0.645100 0.439600
0.624900 -0.645100 0.439600
-0.000000 0.933400 0.358900
0.908600 -0.000000 0.417700
-0.908600 -0.000000 0.417800
-0.654700 -0.636700 0.407500
0.618800 -0.638900 0.457100
0.628000 -0.628000 0.459700
-0.628000 0.628000 0.459700
-0.628000 -0.628000 0.459700
0.628000 0.628000 0.459700
0.634200 -0.634200 0.442300
-0.633700 0.634000 0.443300
-0.633400 -0.633600 0.444300
0.634200 0.634200 0.442300
0.633900 0.633900 0.443200
-0.633800 0.633800 0.443300
0.707100 0.707100 -0.000000
-0.707100 -0.707100 -0.000000
0.707100 -0.707100 -0.000000
-0.634800 0.633800 0.442000
-0.634200 0.634200 0.442300
-0.633800 -0.633800 0.443300
0.633200 -0.633700 0.444400
0.633800 0.634700 0.442000
-0.707100 0.707100 -0.000000
-0.908600 -0.000000 0.417700
0.908600 -0.000000 0.417800
0.654700 -0.636700 0.407500
-0.618800 -0.638900 0.457100
-0.000000 -0.000000 1.000000
0.011600 0.010700 0.999900
-0.011600 0.010700 0.999900
81
0 0 1 2 0 0 0 1
0 3 4 5 1 1 1 1
0 6 7 8 2 2 2 1
0 9 8 10 3 3 3 1
0 11 9 4 4 4 4 1
0 12 13 14 5 5 5 1
0 13 15 16 6 6 6 1
0 17 14 18 7 7 7 1
0 19 17 20 8 8 8 1
0 15 20 21 9 9 9 1
0 22 23 24 10 10 10 1
0 25 26 27 11 11 11 1
0 28 29 23 12 12 12 1
0 30 25 31 13 13 13 1
0 26 24 27 13 13 13 1
0 29 31 32 11 11 11 1
0 33 34 35 14 14 14 1
0 36 37 38 15 15 15 1
0 39 40 34 16 16 16 1
0 41 36 42 17 17 17 1
0 37 35 38 18 18 18 1
0 40 42 43 19 19 19 1
0 40 39 44 20 20 20 1
0 40 44 45 20 20 20 1
0 33 37 46 21 21 21 1
0 42 36 47 17 17 17 1
0 31 25 48 13 13 13 1
0 37 36 46 22 22 22 1
0 42 40 41 23 23 23 1
0 31 29 30 11 11 11 1
0 27 48 25 11 11 11 1
0 38 47 36 24 24 24 1
0 36 41 49 21 21 21 1
0 23 29 32 12 12 12 1
0 34 40 43 25 25 25 1
0 34 33 39 26 26 26 1
0 23 22 28 10 10 10 1
0 24 26 22 13 13 13 1
0 35 37 33 27 27 27 1
0 41 40 45 22 22 22 1
0 41 45 49 22 22 22 1
0 39 33 44 28 28 28 1
0 14 17 12 29 29 29 1
0 8 7 50 2 2 2 1
0 16 15 21 30 30 30 1
0 4 3 11 1 1 1 1
0 20 15 19 31 31 31 1
0 20 17 18 32 32 32 1
0 8 9 6 3 3 3 1
0 4 9 10 4 4 4 1
0 2 51 0 0 0 0 1
0 14 13 16 5 5 5 1
0 52 53 54 33 33 33 1
0 55 56 57 33 33 33 1
0 58 59 60 33 33 33 1
0 60 61 58 33 33 33 1
0 54 62 52 33 33 33 1
0 62 55 63 33 33 33 1
0 64 56 55 33 33 33 1
0 53 52 65 33 33 33 1
0 56 53 65 33 33 33 1
0 59 66 60 33 33 33 1
0 55 62 64 33 33 33 1
0 52 62 63 33 33 33 1
0 65 57 56 33 33 33 1
0 67 68 69 33 33 33 1
0 70 71 72 33 33 33 1
0 73 74 75 33 33 33 1
0 76 77 71 33 33 33 1
0 78 73 79 33 33 33 1
0 74 72 75 33 33 33 1
0 77 79 80 33 33 33 1
0 69 81 82 33 33 33 1
0 69 68 81 33 33 33 1
0 82 83 69 33 33 33 1
0 71 70 76 33 33 33 1
0 79 73 84 34 34 34 1
0 79 77 78 33 33 33 1
0 75 84 73 35 35 35 1
0 72 74 70 33 33 33 1
0 71 77 80 33 33 33 1
"ornate" 0 2
11
0 4.965323 25.853003 7.553907 0.578212 0.108513 -1
0 -4.965323 25.853003 7.553907 0.423303 0.108513 -1
0 0.000000 1.387670 7.553909 0.500758 0.490150 -1
0 4.965322 6.493313 7.553908 0.578212 0.410506 -1
0 -4.965322 6.493313 7.553909 0.423303 0.410506 -1
0 23.176155 -1.000000 7.553910 0.860530 0.522400 -1
0 18.500000 3.676156 7.553909 0.789035 0.449347 -1
0 0.000000 -24.176155 7.553912 0.498463 0.876724 -1
0 0.000000 -14.823844 7.553911 0.500024 0.732181 -1
0 -18.500000 3.676156 7.553909 0.217190 0.443170 -1
0 -23.176155 -1.000000 7.553910 0.144137 0.514663 -1
1
-0.000000 -0.000000 1.000000
7
0 0 1 2 0 0 0 1
0 2 3 0 0 0 0 1
0 1 4 2 0 0 0 1
0 5 6 7 0 0 0 1
0 7 8 9 0 0 0 1
0 7 6 8 0 0 0 1
0 9 10 7 0 0 0 1

Materials: 3
"outline"
1.000000 1.000000 1.000000 1.000000
0.800000 0.800000 0.800000 1.000000
0.500000 0.500000 0.500000 1.000000
0.000000 0.000000 0.000000 1.000000
0.192000
1.000000
"textures/border_of_life.png"
""
"Material01"
0.000000 0.000000 0.000000 1.000000
1.000000 1.000000 1.000000 1.000000
1.000000 1.000000 1.000000 1.000000
0.000000 0.000000 0.000000 1.000000
0.000000
1.000000
"textures/texcher_4th.png"
""
"Material02"
0.000000 0.000000 0.000000 1.000000
1.000000 1.000000 1.000000 1.000000
1.000000 1.000000 1.000000 1.000000
0.000000 0.000000 0.000000 1.000000
0.000000
1.000000
"textures/ornate_4th.png"
""

Bones: 0
GroupComments: 0
MaterialComments: 0
BoneComments: 0
ModelComment: 0
