// MilkShape 3D ASCII

Frames: 30
Frame: 1

Meshes: 3
"inkblack arrow mesh border of life" 0 0
106
3 0.000000 -5.137908 0.000000 0.000000 1.000000 -1
3 -9.660185 4.522276 -0.000000 1.000000 1.000000 -1
3 -11.510276 6.948467 -0.000000 1.000000 0.000000 -1
3 0.000846 -7.709101 -0.000000 0.000000 0.000000 -1
3 9.660185 4.522276 -0.000000 0.000000 1.000000 -1
3 0.000000 -5.137908 0.000000 1.000000 1.000000 -1
3 0.000846 -7.709101 -0.000000 1.000000 0.000000 -1
3 11.511969 6.948467 -0.000000 0.000000 0.000000 -1
3 -11.808359 3.167025 -0.000000 0.000000 1.000000 -1
3 0.000000 -8.641335 0.000000 1.000000 1.000000 -1
3 -11.510276 6.948467 -0.000000 0.000000 0.000000 -1
3 0.000000 -8.641335 0.000000 0.000000 1.000000 -1
3 11.808358 3.167025 -0.000000 1.000000 1.000000 -1
3 11.511969 6.948467 -0.000000 1.000000 0.000000 -1
3 -8.816691 30.358658 -0.000000 0.999451 1.000549 -1
3 -10.627589 32.821732 -0.000000 1.000549 0.000549 -1
3 -11.251744 32.563202 -0.000000 0.000549 -0.000549 -1
3 -9.413133 30.111605 -0.000000 -0.000549 0.999451 -1
3 -9.413133 30.111605 -0.000000 0.999451 1.000549 -1
3 -11.251744 32.563202 -0.000000 1.000549 0.000549 -1
3 -11.510276 31.939047 -0.000000 0.000549 -0.000549 -1
3 -9.660185 29.515165 -0.000000 -0.000549 0.999451 -1
3 -9.660185 4.522276 -0.000000 0.000000 1.000000 -1
3 -9.660185 29.515165 -0.000000 1.000000 1.000000 -1
3 -11.510276 31.939047 -0.000000 1.000000 0.000000 -1
3 -8.816691 30.358658 -0.000000 0.000000 1.000000 -1
3 0.000000 30.358658 -0.000000 1.000000 1.000000 -1
3 0.000846 32.821732 -0.000000 1.000000 0.000000 -1
3 -10.627589 32.821732 -0.000000 0.000000 0.000000 -1
3 10.629295 32.821732 -0.000000 0.001833 -0.001826 -1
3 8.710303 30.358658 -0.000000 -0.001826 0.998167 -1
3 9.381970 30.080444 -0.000000 0.998167 1.001826 -1
3 11.253428 32.530594 -0.000000 1.001826 0.001833 -1
3 11.253428 32.530594 -0.000000 0.001833 -0.001826 -1
3 9.381970 30.080444 -0.000000 -0.001826 0.998167 -1
3 9.660185 29.408775 -0.000000 0.998167 1.001826 -1
3 11.511969 31.939068 -0.000000 1.001826 0.001833 -1
3 9.660185 29.408775 -0.000000 0.000000 1.000000 -1
3 9.660185 4.522276 -0.000000 1.000000 1.000000 -1
3 11.511969 31.939068 -0.000000 0.000000 0.000000 -1
3 0.000000 30.358658 -0.000000 0.000000 1.000000 -1
3 8.710303 30.358658 -0.000000 1.000000 1.000000 -1
3 10.629295 32.821732 -0.000000 1.000000 0.000000 -1
3 0.000846 32.821732 -0.000000 0.000000 0.000000 -1
3 17.845266 12.816108 -0.000000 0.001833 -0.001826 -1
3 18.107325 9.593791 -0.000000 -0.001826 0.998167 -1
3 18.728676 9.856913 -0.000000 0.998167 1.001826 -1
3 18.495491 13.091455 -0.000000 1.001826 0.001833 -1
3 18.495491 13.091455 -0.000000 0.001833 -0.001826 -1
3 18.728676 9.856913 -0.000000 -0.001826 0.998167 -1
3 19.351349 9.596938 -0.000000 0.998167 1.001826 -1
3 19.147097 12.819401 -0.000000 1.001826 0.001833 -1
3 11.808358 3.167025 -0.000000 0.000000 1.000000 -1
3 18.107325 9.593791 -0.000000 1.000000 1.000000 -1
3 17.845266 12.816108 -0.000000 1.000000 0.000000 -1
3 -19.114504 12.850600 -0.000000 0.001833 -0.001826 -1
3 -19.321814 9.626741 -0.000000 -0.001826 0.998167 -1
3 -18.728626 9.874414 -0.000000 0.998167 1.001826 -1
3 -18.493755 13.109779 -0.000000 1.001826 0.001833 -1
3 -18.493755 13.109779 -0.000000 0.001833 -0.001826 -1
3 -18.728626 9.874414 -0.000000 -0.001826 0.998167 -1
3 -18.136694 9.623753 -0.000000 0.998167 1.001826 -1
3 -17.874317 12.847473 -0.000000 1.001826 0.001833 -1
3 -18.136694 9.623753 -0.000000 0.000000 1.000000 -1
3 -11.808359 3.167025 -0.000000 1.000000 1.000000 -1
3 -17.874317 12.847473 -0.000000 0.000000 0.000000 -1
3 -31.977991 -2.259821 0.000000 0.001833 -0.001826 -1
3 -28.954491 -1.821586 0.000000 -0.001826 0.998167 -1
3 -29.309786 -0.965029 0.000000 0.998167 1.001826 -1
3 -32.349792 -1.363462 0.000000 1.001826 0.001833 -1
3 -32.349792 -1.363462 0.000000 0.001833 -0.001826 -1
3 -29.309786 -0.965029 0.000000 -0.001826 0.998167 -1
3 -28.958536 -0.106803 0.000000 0.998167 1.001826 -1
3 -31.982225 -0.465359 0.000000 1.001826 0.001833 -1
3 -28.958536 -0.106803 0.000000 0.000000 1.000000 -1
3 -19.321814 9.626741 -0.000000 1.000000 1.000000 -1
3 -19.114504 12.850600 -0.000000 1.000000 0.000000 -1
3 -31.982225 -0.465359 0.000000 0.000000 0.000000 -1
3 -1.023354 -29.768255 0.000000 0.999451 1.000549 -1
3 -1.070064 -33.184944 0.000000 1.000549 0.000549 -1
3 0.000847 -33.628773 0.000000 0.000549 -0.000549 -1
3 0.000006 -30.192381 0.000000 -0.000549 0.999451 -1
3 0.000006 -30.192381 0.000000 0.999451 1.000549 -1
3 0.000847 -33.628773 0.000000 1.000549 0.000549 -1
3 1.071759 -33.184948 0.000000 0.000549 -0.000549 -1
3 1.023367 -29.768259 0.000000 -0.000549 0.999451 -1
3 -1.023354 -29.768255 0.000000 0.000000 1.000000 -1
3 -28.954491 -1.821586 0.000000 1.000000 1.000000 -1
3 -31.977991 -2.259821 0.000000 1.000000 0.000000 -1
3 -1.070064 -33.184944 0.000000 0.000000 0.000000 -1
3 28.777922 -1.998458 0.000000 1.000232 0.999768 -1
3 31.794924 -2.444906 0.000000 0.999768 -0.000232 -1
3 32.243610 -1.363210 0.000000 -0.000232 0.000232 -1
3 29.206688 -0.964795 0.000000 0.000232 1.000232 -1
3 29.206688 -0.964795 0.000000 1.000232 0.999768 -1
3 32.243610 -1.363210 0.000000 0.999768 -0.000232 -1
3 31.800037 -0.279417 0.000000 -0.000232 0.000232 -1
3 28.782810 0.070875 -0.000000 0.000232 1.000232 -1
3 28.777922 -1.998458 0.000000 0.000000 1.000000 -1
3 1.023367 -29.768259 0.000000 1.000000 1.000000 -1
3 1.071759 -33.184948 0.000000 1.000000 0.000000 -1
3 31.794924 -2.444906 0.000000 0.000000 0.000000 -1
3 19.351349 9.596938 -0.000000 0.000000 1.000000 -1
3 28.782810 0.070875 -0.000000 1.000000 1.000000 -1
3 31.800037 -0.279417 0.000000 1.000000 0.000000 -1
3 19.147097 12.819401 -0.000000 0.000000 0.000000 -1
1
-0.000000 -0.000000 1.000000
56
3 0 1 2 0 0 0 1
3 0 2 3 0 0 0 1
3 4 5 6 0 0 0 1
3 4 6 7 0 0 0 1
3 8 9 6 0 0 0 1
3 8 6 10 0 0 0 1
3 11 12 13 0 0 0 1
3 11 13 3 0 0 0 1
3 14 15 16 0 0 0 1
3 14 16 17 0 0 0 1
3 18 19 20 0 0 0 1
3 18 20 21 0 0 0 1
3 22 23 24 0 0 0 1
3 22 24 10 0 0 0 1
3 25 26 27 0 0 0 1
3 25 27 28 0 0 0 1
3 29 30 31 0 0 0 1
3 29 31 32 0 0 0 1
3 33 34 35 0 0 0 1
3 33 35 36 0 0 0 1
3 37 38 13 0 0 0 1
3 37 13 39 0 0 0 1
3 40 41 42 0 0 0 1
3 40 42 43 0 0 0 1
3 44 45 46 0 0 0 1
3 44 46 47 0 0 0 1
3 48 49 50 0 0 0 1
3 48 50 51 0 0 0 1
3 52 53 54 0 0 0 1
3 52 54 7 0 0 0 1
3 55 56 57 0 0 0 1
3 55 57 58 0 0 0 1
3 59 60 61 0 0 0 1
3 59 61 62 0 0 0 1
3 63 64 2 0 0 0 1
3 63 2 65 0 0 0 1
3 66 67 68 0 0 0 1
3 66 68 69 0 0 0 1
3 70 71 72 0 0 0 1
3 70 72 73 0 0 0 1
3 74 75 76 0 0 0 1
3 74 76 77 0 0 0 1
3 78 79 80 0 0 0 1
3 78 80 81 0 0 0 1
3 82 83 84 0 0 0 1
3 82 84 85 0 0 0 1
3 86 87 88 0 0 0 1
3 86 88 89 0 0 0 1
3 90 91 92 0 0 0 1
3 90 92 93 0 0 0 1
3 94 95 96 0 0 0 1
3 94 96 97 0 0 0 1
3 98 99 100 0 0 0 1
3 98 100 101 0 0 0 1
3 102 103 104 0 0 0 1
3 102 104 105 0 0 0 1
"default" 0 1
39
0 -5.640434 25.903669 7.455309 0.526768 0.000000 -1
0 5.640434 25.903669 7.455309 0.583395 0.000000 -1
0 -10.000000 30.500000 0.085503 0.492770 0.000000 -1
0 5.640434 6.121010 7.455311 0.585762 0.000000 -1
0 10.000000 30.500000 0.085503 0.620259 0.000000 -1
0 -5.640434 6.121010 7.455311 0.518624 0.000000 -1
0 -10.000000 4.000000 0.085505 0.482159 0.000000 -1
0 0.000000 1.038937 7.455311 0.551625 0.000000 -1
0 0.000000 -5.686500 0.085506 0.550709 0.000000 -1
0 10.000000 4.000000 0.085505 0.621637 0.000000 -1
0 24.249001 -1.285070 7.455311 0.698498 0.000000 -1
0 0.000000 -31.000000 0.000003 0.510439 0.000000 -1
0 30.000000 -1.000000 0.000000 0.728253 0.000000 -1
0 -0.000000 -14.491851 7.455312 0.571578 0.000000 -1
0 18.436001 4.527680 7.455311 0.704890 0.000000 -1
0 18.500000 10.500000 -0.000000 0.735017 0.000000 -1
0 -0.000000 -24.845680 7.455313 0.583706 0.000000 -1
0 -24.248974 -1.285070 7.455311 0.420970 0.000000 -1
0 0.000000 -31.000000 0.000003 0.609775 0.000000 -1
0 -18.436222 4.527680 7.455311 0.421610 0.000000 -1
0 -0.000000 -14.491851 7.455312 0.551146 0.000000 -1
0 -18.500000 10.500000 -0.000000 0.389125 0.000000 -1
0 -30.000000 -1.000000 0.000000 0.392491 0.000000 -1
0 0.000000 -8.000000 0.000001 0.527968 0.000000 -1
0 0.000000 -8.000000 0.000001 0.595554 0.000000 -1
0 -0.000000 -24.845680 7.455313 0.537611 0.000000 -1
0 5.640434 25.903669 7.455309 0.086875 0.000000 -1
0 -5.640434 25.903669 7.455309 0.148226 0.000000 -1
0 0.000000 1.038937 7.455311 0.117538 0.000000 -1
0 5.640434 6.121010 7.455311 0.086810 0.000000 -1
0 -5.640434 6.121010 7.455311 0.148160 0.000000 -1
0 24.249001 -1.285070 7.455311 0.187803 0.000000 -1
0 18.436001 4.527680 7.455311 0.137858 0.000000 -1
0 -0.000000 -24.845680 7.455313 0.188584 0.000000 -1
0 -0.000000 -24.845680 7.455313 0.042478 0.000000 -1
0 -0.000000 -14.491851 7.455312 0.090747 0.000000 -1
0 -18.436222 4.527680 7.455311 0.093121 0.000000 -1
0 -0.000000 -14.491851 7.455312 0.139817 0.000000 -1
0 -24.248974 -1.285070 7.455311 0.046938 0.000000 -1
19
-0.000000 0.848500 0.529200
0.860700 -0.000000 0.509100
-0.860700 -0.000000 0.509100
-0.554100 -0.614900 0.561200
0.591800 -0.610900 0.525900
0.627800 -0.627800 0.460200
-0.628800 0.609500 0.482900
-0.599600 -0.617200 0.509500
0.628800 0.609500 0.482900
0.613700 0.613700 0.496900
-0.613700 0.613700 0.496800
0.602100 0.602100 0.524300
-0.602100 0.602100 0.524300
-0.627800 -0.627800 0.460300
0.599600 -0.617200 0.509500
0.613600 0.613700 0.496800
0.554100 -0.614900 0.561200
-0.591800 -0.610900 0.525900
-0.000000 -0.000000 1.000000
29
0 0 1 2 0 0 0 1
0 1 3 4 1 1 1 1
0 5 2 6 2 2 2 1
0 7 5 8 3 3 3 1
0 3 8 9 4 4 4 1
0 10 11 12 5 5 5 1
0 13 14 15 6 6 6 1
0 16 17 18 7 7 7 1
0 19 20 21 8 8 8 1
0 14 12 15 9 9 9 1
0 17 21 22 10 10 10 1
0 21 20 23 11 11 11 1
0 21 17 19 10 10 10 1
0 15 24 13 12 12 12 1
0 18 17 22 13 13 13 1
0 11 10 25 14 14 14 1
0 12 14 10 15 15 15 1
0 2 5 0 2 2 2 1
0 4 3 9 1 1 1 1
0 8 3 7 16 16 16 1
0 8 5 6 17 17 17 1
0 2 1 4 0 0 0 1
0 26 27 28 18 18 18 1
0 28 29 26 18 18 18 1
0 27 30 28 18 18 18 1
0 31 32 33 18 18 18 1
0 34 35 36 18 18 18 1
0 33 32 37 18 18 18 1
0 36 38 34 18 18 18 1
"ornate" 0 2
11
3 5.458367 25.772009 8.011518 0.596526 0.101320 -1
3 -5.458367 25.772009 8.011518 0.404990 0.101320 -1
3 0.000000 1.106076 8.011521 0.500758 0.497342 -1
3 5.458366 6.253582 8.011520 0.596526 0.414697 -1
3 -5.458366 6.253582 8.011520 0.404990 0.414697 -1
3 24.229509 -1.278517 8.011521 0.881564 0.514323 -1
3 18.464001 4.517001 8.011520 0.805870 0.436980 -1
3 0.000000 -24.775921 8.011523 0.498236 0.889454 -1
3 0.000000 -14.574608 8.011522 0.499888 0.736423 -1
3 -18.463938 4.517001 8.011520 0.200446 0.430441 -1
3 -24.230000 -1.278499 8.011521 0.123104 0.506132 -1
1
-0.000000 -0.000000 1.000000
7
3 0 1 2 0 0 0 1
3 2 3 0 0 0 0 1
3 1 4 2 0 0 0 1
3 5 6 7 0 0 0 1
3 7 8 9 0 0 0 1
3 7 6 8 0 0 0 1
3 9 10 7 0 0 0 1

Materials: 3
"outline"
1.000000 1.000000 1.000000 1.000000
0.800000 0.800000 0.800000 1.000000
0.500000 0.500000 0.500000 1.000000
0.000000 0.000000 0.000000 1.000000
0.192000
1.000000
"border_of_life.png"
""
"Material01"
0.000000 0.000000 0.000000 1.000000
1.000000 1.000000 1.000000 1.000000
1.000000 1.000000 1.000000 1.000000
0.000000 0.000000 0.000000 1.000000
0.000000
1.000000
"texcher_4th.png"
""
"Material02"
0.000000 0.000000 0.000000 1.000000
1.000000 1.000000 1.000000 1.000000
1.000000 1.000000 1.000000 1.000000
0.000000 0.000000 0.000000 1.000000
0.000000
1.000000
"ornate_4th.png"
""

Bones: 0
GroupComments: 0
MaterialComments: 0
BoneComments: 0
ModelComment: 0
