// MilkShape 3D ASCII

Frames: 30
Frame: 1

Meshes: 5
"default" 0 0
57
0 0.000000 -0.000000 -5.000000 0.518196 0.062644 -1
0 -16.000000 -0.000000 -5.000000 0.519262 0.100827 -1
0 -11.310000 -11.310000 -4.999999 0.626913 0.089446 -1
0 0.000000 -16.000000 -4.999999 0.670929 0.062377 -1
0 11.310000 -11.310000 -4.999999 0.625405 0.035465 -1
0 16.000000 -0.000000 -5.000000 0.517129 0.024461 -1
0 11.310000 11.310000 -5.000001 0.409479 0.035842 -1
0 0.000000 16.000000 -5.000001 0.365463 0.062911 -1
0 -11.310000 11.310000 -5.000001 0.410987 0.089823 -1
0 12.465246 -21.286097 -0.961164 0.661988 0.286448 -1
0 10.087130 -17.179886 3.021671 0.619965 0.292729 -1
0 0.000001 -19.911928 3.021671 0.642650 0.311289 -1
0 0.000002 -24.662237 -0.961163 0.690146 0.311007 -1
0 21.295622 -12.455725 -0.961164 0.590862 0.268913 -1
0 17.189411 -10.077608 3.021671 0.567509 0.279430 -1
0 24.671757 0.009519 -0.961165 0.492477 0.262486 -1
0 19.921448 0.009519 3.021670 0.492791 0.274382 -1
0 -17.189411 10.096647 3.021669 0.422159 0.343872 -1
0 -21.295622 12.474762 -0.961166 0.398787 0.354502 -1
0 -24.671757 0.009517 -0.961165 0.497990 0.360860 -1
0 -19.921448 0.009519 3.021670 0.497343 0.348899 -1
0 -10.087129 17.198925 3.021668 0.368819 0.330607 -1
0 -12.465244 21.305138 -0.961167 0.326515 0.336970 -1
0 0.000000 19.930965 3.021668 0.346140 0.311923 -1
0 -0.000000 24.681274 -0.961167 0.298251 0.312123 -1
0 17.189407 10.096647 3.021669 0.418644 0.279740 -1
0 21.295618 12.474762 -0.961166 0.393449 0.269197 -1
0 12.465242 21.305140 -0.961167 0.323332 0.287261 -1
0 10.087127 17.198929 3.021668 0.365947 0.293064 -1
0 -17.189405 -10.077611 3.021671 0.572083 0.343349 -1
0 -21.295616 -12.455729 -0.961164 0.597470 0.353879 -1
0 -12.465242 -21.286106 -0.961164 0.666539 0.335697 -1
0 -10.087127 -17.179895 3.021671 0.624035 0.330040 -1
0 -21.295622 12.474762 -0.961166 0.387371 0.478015 -1
0 -12.465244 21.305138 -0.961167 0.319100 0.460168 -1
0 -13.512520 23.133844 -4.944002 0.283607 0.465091 -1
0 -23.124329 13.522037 -4.944001 0.368034 0.486243 -1
0 -24.671757 0.009517 -0.961165 0.486371 0.484637 -1
0 -26.784111 0.009516 -4.944000 0.486684 0.494812 -1
0 -21.295616 -12.455729 -0.961164 0.586026 0.477468 -1
0 -23.124323 -13.503003 -4.943999 0.604749 0.485896 -1
0 -13.512516 -23.114813 -4.943998 0.694612 0.466034 -1
0 -12.465242 -21.286106 -0.961164 0.660243 0.460604 -1
0 0.000002 -24.662237 -0.961163 0.690447 0.436139 -1
0 12.465246 -21.286097 -0.961164 0.664756 0.411430 -1
0 13.512522 -23.114803 -4.943998 0.700204 0.406485 -1
0 0.000004 -26.774591 -4.943998 0.728613 0.436367 -1
0 21.295622 -12.455725 -0.961164 0.595866 0.393372 -1
0 23.124329 -13.502999 -4.943999 0.615337 0.385118 -1
0 26.784111 0.009519 -4.944000 0.496455 0.376592 -1
0 24.671757 0.009519 -0.961165 0.496008 0.386792 -1
0 21.295618 12.474762 -0.961166 0.394895 0.392817 -1
0 23.124325 13.522037 -4.944001 0.376205 0.384405 -1
0 13.512518 23.133846 -4.944002 0.288823 0.405286 -1
0 12.465242 21.305140 -0.961167 0.323717 0.410565 -1
0 -0.000000 24.681274 -0.961167 0.292990 0.435215 -1
0 -0.000001 26.793629 -4.944002 0.254655 0.435007 -1
38
-0.000000 -0.000000 1.000000
0.396000 -0.683300 0.613500
0.322200 -0.556300 0.766000
-0.000000 -0.642500 0.766300
0.025000 -0.671900 0.740200
0.501700 -0.501700 0.704800
0.463700 -0.463700 0.754900
0.633000 -0.171400 0.754900
-0.633000 0.171400 0.754900
-0.501700 0.501700 0.704800
-0.463700 0.463700 0.754900
-0.322200 0.556300 0.766000
-0.396000 0.683300 0.613500
-0.000000 0.642500 0.766300
-0.000000 0.695600 0.718400
0.463700 0.463700 0.754900
0.633000 0.171400 0.754900
-0.633000 -0.171400 0.754900
-0.463700 -0.463700 0.754900
-0.171400 -0.633000 0.754900
0.171400 0.633000 0.754900
0.209000 0.771700 0.600700
-0.441800 0.765600 0.467700
-0.629800 0.629800 0.454700
-0.859200 0.232700 0.455700
-0.859200 -0.232700 0.455700
-0.629800 -0.629800 0.454700
-0.232700 -0.859200 0.455700
0.441800 -0.765600 0.467700
0.232700 -0.859200 0.455700
0.859200 -0.232700 0.455700
0.883000 -0.029800 0.468300
0.883400 -0.000000 0.468500
0.859200 0.232700 0.455700
0.629800 -0.629800 0.454700
0.629800 0.629800 0.454700
0.232700 0.859200 0.455700
-0.232700 0.859200 0.455700
56
0 0 1 2 0 0 0 1
0 0 2 3 0 0 0 1
0 0 3 4 0 0 0 1
0 0 4 5 0 0 0 1
0 0 5 6 0 0 0 1
0 0 6 7 0 0 0 1
0 0 7 8 0 0 0 1
0 0 8 1 0 0 0 1
0 9 10 11 1 2 3 1
0 9 11 12 1 3 4 1
0 13 14 10 5 6 2 1
0 13 10 9 5 2 1 1
0 15 16 14 7 7 7 1
0 15 14 13 7 7 7 1
0 17 18 19 8 8 8 1
0 17 19 20 8 8 8 1
0 18 17 21 9 10 11 1
0 18 21 22 9 11 12 1
0 23 24 22 13 14 12 1
0 23 22 21 13 12 11 1
0 25 26 27 15 15 15 1
0 25 27 28 15 15 15 1
0 26 25 16 16 16 16 1
0 26 16 15 16 16 16 1
0 29 20 19 17 17 17 1
0 29 19 30 17 17 17 1
0 30 31 32 18 18 18 1
0 30 32 29 18 18 18 1
0 11 32 31 3 19 19 1
0 11 31 12 3 19 4 1
0 28 27 24 20 21 14 1
0 28 24 23 20 14 13 1
0 33 34 35 9 12 22 1
0 35 36 33 23 23 23 1
0 37 33 38 24 24 24 1
0 37 38 39 25 25 25 1
0 38 33 36 24 24 24 1
0 38 40 39 25 25 25 1
0 39 40 41 26 26 26 1
0 39 41 42 26 26 26 1
0 42 41 43 27 27 27 1
0 44 43 45 1 4 28 1
0 41 46 43 27 27 27 1
0 46 45 43 29 29 29 1
0 47 44 45 5 1 28 1
0 47 48 49 30 30 31 1
0 50 49 51 32 31 33 1
0 45 48 47 34 34 34 1
0 47 49 50 30 31 32 1
0 49 52 51 33 33 33 1
0 51 52 53 35 35 35 1
0 54 53 55 21 36 14 1
0 34 55 35 12 14 22 1
0 56 35 55 37 37 37 1
0 53 56 55 36 36 36 1
0 53 54 51 35 35 35 1
"inner white" 0 0
24
3 19.921448 0.009519 3.021670 0.490032 0.130857 -1
3 17.189407 10.096647 3.021669 0.377393 0.139415 -1
3 12.590599 0.009515 -4.944000 0.490699 0.158129 -1
3 10.846127 6.450387 -4.944000 0.432566 0.162924 -1
3 10.087127 17.198929 3.021668 0.299762 0.160000 -1
3 6.440865 10.855648 -4.944001 0.394181 0.173552 -1
3 0.000000 19.930965 3.021668 0.272284 0.188559 -1
3 0.000001 12.600118 -4.944001 0.381104 0.188473 -1
3 -10.087129 17.198925 3.021668 0.306398 0.216648 -1
3 -6.440868 10.855645 -4.944001 0.399929 0.202941 -1
3 -17.189411 10.096647 3.021669 0.388719 0.235925 -1
3 -10.846130 6.450385 -4.944000 0.442146 0.212406 -1
3 -19.921448 0.009519 3.021670 0.502813 0.242550 -1
3 -12.590599 0.009520 -4.944000 0.501483 0.215443 -1
3 -17.189405 -10.077611 3.021671 0.614465 0.233815 -1
3 -10.846126 -6.431353 -4.944000 0.558975 0.210371 -1
3 -10.087127 -17.179895 3.021671 0.691483 0.213552 -1
3 -6.440866 -10.836616 -4.943999 0.598171 0.199947 -1
3 0.000001 -19.911928 3.021671 0.719768 0.185223 -1
3 -0.000004 -12.581080 -4.943999 0.611508 0.185174 -1
3 10.087130 -17.179886 3.021671 0.686417 0.157131 -1
3 6.440869 -10.836605 -4.943999 0.592748 0.170785 -1
3 17.189411 -10.077608 3.021671 0.604378 0.137714 -1
3 10.846129 -6.431347 -4.944000 0.550416 0.161297 -1
20
-0.735800 -0.000000 0.677200
-0.637400 -0.368900 0.676500
-0.637100 -0.369400 0.676500
-0.368900 -0.637400 0.676500
-0.369400 -0.637200 0.676500
-0.000000 -0.735800 0.677200
0.368900 -0.637400 0.676500
0.369400 -0.637100 0.676500
0.637400 -0.368900 0.676500
0.637200 -0.369400 0.676500
0.735800 -0.000000 0.677200
0.637400 0.368900 0.676500
0.637200 0.369400 0.676500
0.368900 0.637400 0.676500
0.369400 0.637200 0.676500
-0.000000 0.735800 0.677200
-0.368900 0.637400 0.676500
-0.369400 0.637200 0.676500
-0.637400 0.368900 0.676500
-0.637200 0.369400 0.676500
24
3 0 1 2 0 1 0 1
3 1 3 2 1 2 0 1
3 1 4 3 1 3 2 1
3 4 5 3 3 4 2 1
3 4 6 5 3 5 4 1
3 6 7 5 5 5 4 1
3 6 8 7 5 6 5 1
3 8 9 7 6 7 5 1
3 8 10 9 6 8 7 1
3 10 11 9 8 9 7 1
3 10 12 11 8 10 9 1
3 12 13 11 10 10 9 1
3 12 14 13 10 11 10 1
3 14 15 13 11 12 10 1
3 14 16 15 11 13 12 1
3 16 17 15 13 14 12 1
3 16 18 17 13 15 14 1
3 18 19 17 15 15 14 1
3 18 20 19 15 16 15 1
3 20 21 19 16 17 15 1
3 20 22 21 16 18 17 1
3 22 23 21 18 19 17 1
3 22 0 23 18 0 19 1
3 0 2 23 0 0 19 1
"spikes" 0 0
156
0 -25.153769 -11.351094 4.241993 0.463107 0.385587 0
0 -26.066732 -10.101404 3.353383 0.457652 0.383989 0
0 -26.279799 -12.010103 3.131990 0.469583 0.384782 0
0 -23.209314 -10.195132 4.224511 0.416157 0.385126 0
0 -26.066732 -10.101404 3.353383 0.452456 0.384340 0
0 -26.261555 -10.146370 -4.740959 0.478947 0.486726 0
0 -26.474058 -12.054938 -4.942560 0.493199 0.488060 0
0 -24.016487 -8.932234 3.329809 0.424151 0.384169 0
0 -24.016336 -8.932199 -4.764528 0.428764 0.487895 0
0 -26.261555 -10.146370 -4.740959 0.464243 0.486579 0
0 -22.555494 -16.094368 3.536576 0.544127 0.386211 0
0 -23.450863 -16.651005 2.340573 0.538120 0.385353 0
0 -21.842405 -17.455547 2.122158 0.553692 0.385289 0
0 -20.411221 -14.911744 3.513871 0.585373 0.385410 0
0 -21.842405 -17.455547 2.122158 0.548572 0.384424 0
0 -21.801661 -17.546013 -5.798686 0.527559 0.487481 0
0 -21.842405 -17.455547 2.122158 0.448279 0.490009 0
0 -19.682526 -16.229696 -5.815288 0.432305 0.383800 0
0 -19.683355 -16.230524 2.105653 0.420613 0.488594 0
0 -26.474058 -12.054938 -4.942560 0.478176 0.488078 0
0 -23.596813 -16.766666 -5.554073 0.539297 0.490568 0
0 -26.279799 -12.010103 3.131990 0.473339 0.383673 0
0 -25.153769 -11.351094 4.241993 0.469499 0.382996 0
0 -22.555494 -16.094368 3.536576 0.539952 0.384633 0
0 -19.683355 -16.230524 2.105653 0.581438 0.384509 0
0 -19.682526 -16.229696 -5.815288 0.570907 0.488488 0
0 -23.209314 -10.195132 4.224511 0.412587 0.384146 0
0 -23.211142 -10.191822 -4.764528 0.406041 0.488481 0
0 -20.412569 -14.910036 -5.635824 0.596421 0.488354 0
0 -20.411221 -14.911744 3.513871 0.587258 0.381909 0
0 -23.450863 -16.651005 2.340573 0.533934 0.385456 0
0 -23.596813 -16.766666 -5.554073 0.512256 0.488084 0
0 -21.842405 -17.455547 2.122158 0.556454 0.382224 0
0 -21.801661 -17.546013 -5.798686 0.543266 0.488061 0
0 -26.066732 -10.101404 3.353383 0.449751 0.385313 0
0 2.687729 25.110409 4.213631 0.421466 0.383390 0
0 4.076895 27.594521 3.279191 0.457782 0.382828 0
0 2.670296 27.372490 4.202945 0.468401 0.384141 0
0 4.077005 27.594429 -4.816296 0.467055 0.485132 0
0 2.644865 28.663078 3.076855 0.462986 0.382509 0
0 4.076895 27.594521 3.279191 0.455053 0.383785 0
0 4.077005 27.594429 -4.816296 0.481754 0.485369 0
0 2.528769 28.751530 -4.998839 0.495972 0.486790 0
0 4.168089 25.167847 3.285936 0.429483 0.382483 0
0 4.169172 25.165913 -4.809548 0.431547 0.486230 0
0 -2.750021 27.512947 3.613259 0.548572 0.384424 0
0 -2.805204 28.551666 2.404964 0.543414 0.384367 0
0 -4.300787 27.558746 2.231721 0.558987 0.384399 0
0 -2.818338 25.071873 3.622758 0.590663 0.384715 0
0 -4.300787 27.558746 2.231721 0.561824 0.381351 0
0 -3.002905 28.636398 -5.488945 0.530344 0.486423 0
0 -4.301058 27.557983 -5.684611 0.546036 0.487099 0
0 -4.334938 25.096909 -5.673706 0.573665 0.487696 0
0 -4.335365 25.096649 2.247218 0.589429 0.383035 0
0 2.528769 28.751530 -4.998839 0.480950 0.486716 0
0 -3.002905 28.636398 -5.488945 0.542006 0.489582 0
0 2.644865 28.663078 3.076855 0.478680 0.382289 0
0 2.670296 27.372490 4.202945 0.474857 0.381589 0
0 -2.750021 27.512947 3.613259 0.545264 0.383658 0
0 -4.335365 25.096649 2.247218 0.586750 0.383789 0
0 2.687729 25.110409 4.213631 0.417921 0.382389 0
0 2.688688 25.110680 -4.780354 0.408810 0.486676 0
0 -2.819300 25.070293 -5.540892 0.599180 0.487719 0
0 -2.818338 25.071873 3.622758 0.592634 0.381226 0
0 -2.805204 28.551666 2.404964 0.539952 0.384633 0
0 22.931646 -15.852400 4.212069 0.468401 0.384141 0
0 22.350660 -17.283886 3.318666 0.462986 0.382509 0
0 23.857027 -16.824783 3.133214 0.474897 0.383375 0
0 20.910635 -14.836842 4.251831 0.421466 0.383390 0
0 22.350660 -17.283886 3.318666 0.457782 0.382828 0
0 22.313665 -17.325344 -4.777954 0.481754 0.485369 0
0 23.857931 -16.824425 -4.943607 0.495972 0.486790 0
0 20.261419 -16.186245 3.354849 0.429483 0.382483 0
0 20.224428 -16.227711 -4.741765 0.431547 0.486230 0
0 22.313665 -17.325344 -4.777954 0.467055 0.485132 0
0 25.512991 -11.099857 3.506895 0.548572 0.384424 0
0 26.606497 -11.225839 2.233561 0.543414 0.384367 0
0 26.123175 -9.570697 2.092213 0.558987 0.384399 0
0 23.348673 -9.903967 3.546200 0.590663 0.384715 0
0 26.123175 -9.570697 2.092213 0.561824 0.381351 0
0 26.613409 -11.224895 -5.612140 0.530344 0.486423 0
0 26.122732 -9.569308 -5.826286 0.546036 0.487099 0
0 24.058905 -8.572316 -5.789104 0.573665 0.487696 0
0 24.057547 -8.573785 2.138559 0.589429 0.383035 0
0 23.857931 -16.824425 -4.943607 0.480950 0.486716 0
0 26.613409 -11.224895 -5.612140 0.542006 0.489582 0
0 23.857027 -16.824783 3.133214 0.478680 0.382289 0
0 22.931646 -15.852400 4.212069 0.474857 0.381589 0
0 25.512991 -11.099857 3.506895 0.545264 0.383658 0
0 24.057547 -8.573785 2.138559 0.586750 0.383789 0
0 20.910635 -14.836842 4.251831 0.417921 0.382389 0
0 20.909685 -14.838391 -4.752194 0.408810 0.486676 0
0 23.346823 -9.908086 -5.630910 0.599180 0.487719 0
0 23.348673 -9.903967 3.546200 0.592634 0.381226 0
0 26.606497 -11.225839 2.233561 0.539952 0.384633 0
0 26.606497 -11.225839 2.233561 0.553888 0.383502 0
0 22.350660 -17.283886 3.318666 0.455053 0.383785 0
0 -25.154984 -11.340941 4.248729 0.709194 0.340245 0
0 -22.558033 -16.144070 3.514966 0.708565 0.287984 0
0 -9.158524 -2.041757 4.090359 0.297322 0.340565 0
0 -22.556660 -16.146816 -5.576132 0.297393 0.287949 0
0 -6.230021 -6.592632 -5.723633 0.297322 0.340565 0
0 -25.158155 -11.334598 -4.842386 0.296232 0.287897 0
0 -22.556660 -16.146816 -5.576132 0.295465 0.340147 0
0 -22.558033 -16.144070 3.514966 0.705529 0.340538 0
0 -6.230021 -6.592632 -5.723633 0.297393 0.287949 0
0 -9.158792 -2.039327 -5.000756 0.297322 0.340565 0
0 -9.158524 -2.041757 4.090359 0.709194 0.340245 0
0 -6.535883 -6.730768 3.367466 0.708565 0.287984 0
0 -6.535883 -6.730768 3.367466 0.709194 0.340245 0
0 -22.558033 -16.144070 3.514966 0.296232 0.287897 0
0 -25.154984 -11.340941 4.248729 0.295465 0.340147 0
0 -25.158155 -11.334598 -4.842386 0.705529 0.340538 0
0 -9.158524 -2.041757 4.090359 0.295465 0.340147 0
0 -25.158155 -11.334598 -4.842386 0.705599 0.287933 0
0 -25.154984 -11.340941 4.248729 0.296232 0.287897 0
0 -6.535883 -6.730768 3.367466 0.297393 0.287949 0
0 -2.580610 8.743746 4.242435 0.296232 0.287897 0
0 2.857342 8.645166 3.467443 0.295465 0.340147 0
0 -2.697031 27.246922 4.316672 0.705599 0.287933 0
0 2.857563 8.642495 -5.618752 0.705529 0.340538 0
0 2.665062 27.648609 -5.532031 0.705599 0.287933 0
0 -2.582973 8.743293 -4.843774 0.299036 0.288128 0
0 2.857563 8.642495 -5.618752 0.298469 0.340101 0
0 2.857342 8.645166 3.467443 0.706866 0.340389 0
0 -2.730814 27.694824 -4.769538 0.296232 0.287897 0
0 -2.582973 8.743293 -4.843774 0.295465 0.340147 0
0 2.665062 27.648609 -5.532031 0.296232 0.287897 0
0 -2.730814 27.694824 -4.769538 0.295465 0.340147 0
0 -2.697031 27.246922 4.316672 0.705529 0.340538 0
0 -2.697031 27.246922 4.316672 0.296232 0.287897 0
0 2.669910 27.200714 3.554164 0.295465 0.340147 0
0 2.665062 27.648609 -5.532031 0.705529 0.340538 0
0 2.669910 27.200714 3.554164 0.296232 0.287897 0
0 -2.580610 8.743746 4.242435 0.707432 0.288416 0
0 -2.580610 8.743746 4.242435 0.705529 0.340538 0
0 2.669910 27.200714 3.554164 0.705529 0.340538 0
0 8.898283 -2.541473 4.233384 0.297393 0.287949 0
0 6.246336 -7.325491 3.575396 0.295465 0.340147 0
0 25.466879 -11.048887 4.068451 0.704532 0.289317 0
0 6.239740 -7.319359 -5.514471 0.297393 0.287949 0
0 23.028360 -16.047672 -5.669754 0.295465 0.340147 0
0 6.246336 -7.325491 3.575396 0.704532 0.289317 0
0 8.898516 -2.541528 -4.856498 0.297393 0.287949 0
0 6.239740 -7.319359 -5.514471 0.295465 0.340147 0
0 6.246336 -7.325491 3.575396 0.705529 0.340538 0
0 25.483915 -11.058204 -5.021432 0.297393 0.287949 0
0 8.898516 -2.541528 -4.856498 0.295465 0.340147 0
0 25.466879 -11.048887 4.068451 0.705599 0.287933 0
0 23.028360 -16.047672 -5.669754 0.297393 0.287949 0
0 25.483915 -11.058204 -5.021432 0.295465 0.340147 0
0 25.466879 -11.048887 4.068451 0.703330 0.340034 0
0 22.885893 -15.812483 3.420115 0.704532 0.289317 0
0 22.885893 -15.812483 3.420115 0.703330 0.340034 0
0 8.898283 -2.541473 4.233384 0.705599 0.287933 0
0 8.898283 -2.541473 4.233384 0.705529 0.340538 0
78
-0.717500 -0.096500 0.689800
-0.772800 -0.052400 0.632500
-0.745300 -0.510000 0.429400
0.621000 0.672900 0.401900
-0.495100 0.868800 0.005600
-0.995400 0.093200 0.023400
-0.419900 0.869500 0.260200
0.525700 0.850700 -0.000000
-0.499700 -0.505500 0.703400
-0.440300 -0.879500 0.180400
0.474800 -0.686500 0.550600
0.915800 0.092300 0.390900
-0.401400 -0.915800 0.011200
0.982700 0.185200 -0.006400
0.566800 -0.566400 0.598300
-0.844200 -0.535600 0.023500
0.842600 0.538600 -0.000000
0.875000 0.484100 -0.000000
0.141100 -0.978300 0.151500
0.545100 0.213000 0.810900
0.272500 0.679600 0.681100
0.972200 0.234300 -0.000600
0.067900 0.989600 0.126500
0.580100 0.814500 0.000600
0.959700 -0.024100 0.279800
0.481000 -0.876700 0.000200
-0.168800 0.695700 0.698300
-0.427600 0.752600 0.500800
-0.981400 0.088800 0.170100
-0.371800 -0.838400 0.398500
-0.065300 0.997100 0.038600
-0.902300 0.431100 -0.000000
-0.717900 -0.696100 -0.000000
-0.764400 -0.199800 0.613000
0.038100 -0.999300 0.000100
-0.018100 -0.999800 0.000200
0.165000 -0.694500 0.700300
0.384700 -0.688800 0.614400
0.824200 -0.362800 0.434800
-0.894600 0.173500 0.411800
-0.456600 -0.889600 0.006700
0.319300 -0.947600 0.000800
-0.496900 -0.824100 0.272000
-1.000000 -0.004800 0.003800
0.694000 -0.188100 0.695000
0.743600 -0.021500 0.668200
0.595800 0.803100 0.008100
-0.575600 0.713400 0.399700
0.909500 -0.415700 0.002500
0.762600 0.646900 0.000300
-0.310400 0.950600 0.000100
0.162800 0.795800 0.583300
-0.896800 0.442400 -0.000000
-0.882400 0.470400 -0.000000
-0.758200 0.191900 0.623200
-0.209000 -0.818300 0.535500
0.221300 0.753200 0.619400
-0.222500 -0.974900 0.000300
0.961600 -0.274400 0.011000
-0.971900 0.235500 0.000400
0.274200 0.961700 0.000200
0.802600 -0.245700 0.543500
-0.540600 -0.567500 0.621000
0.610500 -0.589400 0.529100
-0.539300 0.555100 0.633300
0.736700 -0.676300 0.000200
0.730600 0.682000 0.033200
-0.680200 -0.733000 0.000900
-0.662500 0.748100 0.039300
0.615500 0.567400 0.547100
-0.245600 0.746000 0.619000
-0.799800 -0.260300 0.540900
0.758600 0.219800 0.613400
-0.944500 -0.328600 0.000500
0.275700 -0.961100 0.015400
-0.321600 0.946900 0.000400
0.960800 0.277300 0.001500
0.229900 -0.803700 0.548800
96
0 0 1 2 0 1 2 1
0 3 4 0 3 1 0 1
0 5 6 1 4 5 1 1
0 7 8 9 6 7 4 1
0 10 11 12 8 9 10 1
0 10 12 13 8 10 11 1
0 14 11 15 10 9 12 1
0 16 17 18 10 13 14 1
0 19 20 21 5 15 2 1
0 22 21 23 0 2 8 1
0 3 8 7 3 7 6 1
0 24 25 13 14 13 11 1
0 26 27 8 3 16 7 1
0 25 28 29 13 17 11 1
0 1 6 2 1 5 2 1
0 21 20 30 2 15 9 1
0 15 11 31 12 9 15 1
0 23 21 30 8 2 9 1
0 25 32 33 13 10 12 1
0 13 12 24 11 10 14 1
0 9 34 7 4 1 6 1
0 4 3 7 1 3 6 1
0 35 36 37 18 19 20 1
0 38 39 40 21 22 19 1
0 41 42 39 21 23 22 1
0 43 44 38 24 25 21 1
0 45 46 47 26 27 28 1
0 45 47 48 26 28 29 1
0 49 50 51 28 30 31 1
0 49 52 53 28 32 33 1
0 54 55 56 23 30 22 1
0 57 56 58 20 22 26 1
0 59 52 48 33 32 29 1
0 44 60 61 25 18 34 1
0 52 62 63 32 35 29 1
0 56 55 64 22 30 27 1
0 58 56 64 26 22 27 1
0 50 49 46 30 28 27 1
0 52 49 51 32 28 31 1
0 48 47 59 29 28 33 1
0 39 37 36 22 20 19 1
0 38 40 43 21 19 24 1
0 36 35 43 19 18 24 1
0 65 66 67 36 37 38 1
0 68 69 65 39 37 36 1
0 70 71 66 40 41 37 1
0 72 73 74 42 43 40 1
0 75 76 77 44 45 46 1
0 75 77 78 44 46 47 1
0 79 80 81 46 48 49 1
0 79 82 83 46 50 51 1
0 84 85 86 41 48 38 1
0 87 86 88 36 38 44 1
0 68 73 72 39 43 42 1
0 89 82 78 51 50 47 1
0 90 91 73 39 52 43 1
0 82 92 93 50 53 47 1
0 66 71 67 37 41 38 1
0 86 85 94 38 48 45 1
0 88 86 94 44 38 45 1
0 80 79 95 48 46 45 1
0 82 79 81 50 46 49 1
0 78 77 89 47 46 51 1
0 74 96 72 40 37 42 1
0 69 68 72 37 39 42 1
0 43 60 44 24 18 25 1
0 97 98 99 54 55 56 1
0 100 101 98 57 58 55 1
0 102 103 104 59 57 55 1
0 105 106 107 58 60 56 1
0 107 108 105 56 61 58 1
0 98 101 109 55 58 61 1
0 110 111 112 55 54 59 1
0 113 114 115 56 59 54 1
0 99 98 116 56 55 61 1
0 117 118 119 62 63 64 1
0 120 121 118 65 66 63 1
0 122 123 124 67 65 63 1
0 125 126 119 68 67 64 1
0 127 128 129 66 68 64 1
0 130 131 132 64 69 66 1
0 118 121 133 63 66 69 1
0 124 134 122 63 62 67 1
0 119 126 135 64 67 62 1
0 119 118 136 64 63 69 1
0 137 138 139 70 71 72 1
0 140 141 142 73 74 71 1
0 143 144 145 75 73 71 1
0 146 147 148 76 75 72 1
0 149 150 151 74 76 72 1
0 151 152 149 72 77 74 1
0 142 141 153 71 74 77 1
0 145 154 143 71 70 75 1
0 148 147 155 72 75 70 1
0 139 138 153 72 71 77 1
0 107 106 114 56 60 59 1
"deco" 0 0
48
3 12.465246 -21.286097 -0.761163 0.740802 0.719896 -1
3 10.087130 -17.179886 3.221671 0.648026 0.681338 -1
3 0.000001 -19.911928 3.221671 0.511089 0.691853 -1
3 0.000002 -24.662237 -0.761163 0.514595 0.736195 -1
3 21.295622 -12.455725 -0.761164 0.902144 0.678875 -1
3 17.189411 -10.077608 3.221671 0.746042 0.657103 -1
3 24.671757 0.009519 -0.761165 0.961034 0.622192 -1
3 19.921448 0.009519 3.221670 0.783103 0.622621 -1
3 -17.189411 10.096647 3.221669 0.270004 0.590223 -1
3 -21.295622 12.474762 -0.761166 0.112828 0.568542 -1
3 -24.671757 0.009517 -0.761165 0.054568 0.625696 -1
3 -19.921448 0.009519 3.221670 0.233101 0.624921 -1
3 -10.087129 17.198925 3.221668 0.367769 0.565581 -1
3 -12.465244 21.305138 -0.761167 0.274135 0.526861 -1
3 0.000000 19.930965 3.221668 0.505621 0.555069 -1
3 -0.000000 24.681274 -0.761167 0.502997 0.510500 -1
3 17.189407 10.096647 3.221669 0.743355 0.588430 -1
3 21.295618 12.474762 -0.761166 0.898863 0.565182 -1
3 12.465242 21.305140 -0.761167 0.732180 0.524861 -1
3 10.087127 17.198929 3.221668 0.644869 0.564156 -1
3 -17.189405 -10.077611 3.221671 0.274264 0.659385 -1
3 -21.295616 -12.455729 -0.761164 0.119230 0.682965 -1
3 -12.465242 -21.286106 -0.761163 0.287005 0.722682 -1
3 -10.087127 -17.179895 3.221671 0.372638 0.683315 -1
3 19.921448 0.009519 3.121675 0.820959 0.896173 -1
3 17.189407 10.096647 3.121674 0.820959 0.852521 -1
3 15.327171 0.009515 2.783190 0.755027 0.890260 -1
3 13.203537 7.850312 2.783190 0.751722 0.855307 -1
3 10.087127 17.198929 3.121673 0.737587 0.816102 -1
3 7.840790 13.213060 2.783190 0.684291 0.827269 -1
3 0.000000 19.930965 3.121673 0.587324 0.794038 -1
3 0.000001 15.336690 2.783190 0.562508 0.810211 -1
3 -10.087129 17.198925 3.121673 0.413172 0.794028 -1
3 -7.840794 13.213056 2.783190 0.423499 0.810888 -1
3 -17.189411 10.096647 3.121674 0.268243 0.814920 -1
3 -13.203543 7.850310 2.783190 0.312690 0.827671 -1
3 -19.921448 0.009519 3.121675 0.181434 0.852540 -1
3 -15.327173 0.009521 2.783190 0.246718 0.858081 -1
3 -17.189405 -10.077611 3.121675 0.182867 0.895918 -1
3 -13.203537 -7.831280 2.783191 0.252876 0.892869 -1
3 -10.087127 -17.179895 3.121676 0.264678 0.931981 -1
3 -7.840791 -13.194028 2.783191 0.317986 0.921214 -1
3 0.000001 -19.911928 3.121676 0.413284 0.954232 -1
3 -0.000004 -15.317653 2.783191 0.438300 0.938316 -1
3 10.087130 -17.179886 3.121676 0.587130 0.954515 -1
3 7.840795 -13.194016 2.783191 0.576578 0.937623 -1
3 17.189411 -10.077608 3.121675 0.732727 0.933783 -1
3 13.203541 -7.831273 2.783191 0.687657 0.920791 -1
34
0.322200 -0.556300 0.766000
-0.000000 -0.642500 0.766300
0.463700 -0.463700 0.754900
0.633000 -0.171400 0.754900
-0.633000 0.171400 0.754900
-0.463700 0.463700 0.754900
-0.322200 0.556300 0.766000
-0.000000 0.642500 0.766300
0.463700 0.463700 0.754900
0.633000 0.171400 0.754900
-0.633000 -0.171400 0.754900
-0.463700 -0.463700 0.754900
-0.171400 -0.633000 0.754900
0.171400 0.633000 0.754900
-0.073500 -0.000000 0.997300
-0.063900 -0.036900 0.997300
-0.063800 -0.037100 0.997300
-0.036900 -0.063900 0.997300
-0.037100 -0.063800 0.997300
-0.000000 -0.073500 0.997300
0.036900 -0.063900 0.997300
0.037100 -0.063800 0.997300
0.063900 -0.036900 0.997300
0.063800 -0.037100 0.997300
0.073500 -0.000000 0.997300
0.063900 0.036900 0.997300
0.063800 0.037100 0.997300
0.036900 0.063900 0.997300
0.037100 0.063800 0.997300
-0.000000 0.073500 0.997300
-0.036900 0.063900 0.997300
-0.037100 0.063800 0.997300
-0.063900 0.036900 0.997300
-0.063800 0.037100 0.997300
48
3 0 1 2 0 0 1 1
3 0 2 3 0 1 1 1
3 4 5 1 2 2 0 1
3 4 1 0 2 0 0 1
3 6 7 5 3 3 3 1
3 6 5 4 3 3 3 1
3 8 9 10 4 4 4 1
3 8 10 11 4 4 4 1
3 9 8 12 5 5 6 1
3 9 12 13 5 6 6 1
3 14 15 13 7 7 6 1
3 14 13 12 7 6 6 1
3 16 17 18 8 8 8 1
3 16 18 19 8 8 8 1
3 17 16 7 9 9 9 1
3 17 7 6 9 9 9 1
3 20 11 10 10 10 10 1
3 20 10 21 10 10 10 1
3 21 22 23 11 11 11 1
3 21 23 20 11 11 11 1
3 2 23 22 1 12 12 1
3 2 22 3 1 12 1 1
3 19 18 15 13 13 7 1
3 19 15 14 13 7 7 1
3 24 25 26 14 15 14 1
3 25 27 26 15 16 14 1
3 25 28 27 15 17 16 1
3 28 29 27 17 18 16 1
3 28 30 29 17 19 18 1
3 30 31 29 19 19 18 1
3 30 32 31 19 20 19 1
3 32 33 31 20 21 19 1
3 32 34 33 20 22 21 1
3 34 35 33 22 23 21 1
3 34 36 35 22 24 23 1
3 36 37 35 24 24 23 1
3 36 38 37 24 25 24 1
3 38 39 37 25 26 24 1
3 38 40 39 25 27 26 1
3 40 41 39 27 28 26 1
3 40 42 41 27 29 28 1
3 42 43 41 29 29 28 1
3 42 44 43 29 30 29 1
3 44 45 43 30 31 29 1
3 44 46 45 30 32 31 1
3 46 47 45 32 33 31 1
3 46 24 47 32 14 33 1
3 24 26 47 14 14 33 1
"ornate" 0 1
24
3 0.000000 -0.000000 -4.896461 0.507218 0.505922 -1
3 -16.000000 -0.000000 -4.896461 0.251297 0.503249 -1
3 -11.310000 -11.310000 -4.896461 0.299299 0.685824 -1
3 0.000000 -0.000000 -4.896461 0.506984 0.507946 -1
3 -11.310000 -11.310000 -4.896461 0.301311 0.692764 -1
3 0.000000 -16.000000 -4.896461 0.501281 0.765500 -1
3 0.000000 -0.000000 -4.896461 0.507737 0.507382 -1
3 0.000000 -16.000000 -4.896461 0.501366 0.760918 -1
3 11.310000 -11.310000 -4.896461 0.682002 0.700110 -1
3 0.000000 -0.000000 -4.896461 0.508077 0.506719 -1
3 11.310000 -11.310000 -4.896461 0.686240 0.702535 -1
3 16.000000 -0.000000 -4.896461 0.749544 0.523447 -1
3 0.000000 -0.000000 -4.896461 0.508756 0.505893 -1
3 16.000000 -0.000000 -4.896461 0.749216 0.520262 -1
3 11.310000 11.310000 -4.896462 0.697689 0.317830 -1
3 0.000000 -0.000000 -4.896461 0.508587 0.505861 -1
3 11.310000 11.310000 -4.896462 0.695548 0.317763 -1
3 0.000000 16.000000 -4.896463 0.494263 0.219415 -1
3 0.000000 -0.000000 -4.896461 0.507729 0.506558 -1
3 0.000000 16.000000 -4.896463 0.494311 0.219774 -1
3 -11.310000 11.310000 -4.896462 0.305214 0.317586 -1
3 0.000000 -0.000000 -4.896461 0.507898 0.506590 -1
3 -11.310000 11.310000 -4.896462 0.298792 0.317385 -1
3 -16.000000 -0.000000 -4.896461 0.249968 0.502497 -1
1
-0.000000 -0.000000 1.000000
8
3 0 1 2 0 0 0 1
3 3 4 5 0 0 0 1
3 6 7 8 0 0 0 1
3 9 10 11 0 0 0 1
3 12 13 14 0 0 0 1
3 15 16 17 0 0 0 1
3 18 19 20 0 0 0 1
3 21 22 23 0 0 0 1


Materials: 2
"default"
1.000000 1.000000 1.000000 1.000000
0.800000 0.800000 0.800000 1.000000
0.000000 0.000000 0.000000 1.000000
0.000000 0.000000 0.000000 1.000000
0.192000
1.000000
"_mine tex.png"
""
"ornate"
0.000000 0.000000 0.000000 1.000000
1.000000 1.000000 1.000000 1.000000
1.000000 1.000000 1.000000 1.000000
0.000000 0.000000 0.000000 1.000000
0.000000
1.000000
"_mine ornate.png"
""

Bones: 1
"joint1"
""
0 0 0 0 0 0 0
2
1.000000 0.000000 0.000000 0.000000
120.000000 0.000000 0.000000 0.000000
3
1.000000 0.000000 0.000000 0.000000
60.000000 0.000000 0.000000 -3.1
120.000000 0.000000 0.000000 -6.2

GroupComments: 0
MaterialComments: 0
BoneComments: 0
ModelComment: 0
