// MilkShape 3D ASCII

Frames: 30
Frame: 1

Meshes: 2
"inner" 0 0
9
0 0.000000 -0.000000 -0.614723 0.518196 0.062644 -1
0 -7.782594 -0.000000 -0.614723 0.519262 0.100827 -1
0 -5.501321 -5.501321 -0.614722 0.626913 0.089446 -1
0 0.000000 -7.782594 -0.614722 0.670929 0.062377 -1
0 5.501321 -5.501321 -0.614722 0.625405 0.035465 -1
0 7.782594 -0.000000 -0.614723 0.517129 0.024461 -1
0 5.501321 5.501321 -0.614723 0.409479 0.035842 -1
0 0.000000 7.782594 -0.614724 0.365463 0.062911 -1
0 -5.501321 5.501321 -0.614723 0.410987 0.089823 -1
1
-0.000000 -0.000000 1.000000
8
0 0 1 2 0 0 0 1
0 0 2 3 0 0 0 1
0 0 3 4 0 0 0 1
0 0 4 5 0 0 0 1
0 0 5 6 0 0 0 1
0 0 6 7 0 0 0 1
0 0 7 8 0 0 0 1
0 0 8 1 0 0 0 1
"ornate" 0 1
9
3 0.000000 -0.000000 -0.551076 0.500000 0.500000 -1
3 -7.622009 -0.000000 -0.551076 0.377844 0.550655 -1
3 -5.387808 -5.387808 -0.551075 0.449458 0.622156 -1
3 0.000000 -7.622009 -0.551075 0.550655 0.622156 -1
3 5.387808 -5.387808 -0.551075 0.622156 0.550542 -1
3 7.622009 -0.000000 -0.551076 0.622156 0.449345 -1
3 5.387808 5.387808 -0.551076 0.550542 0.377844 -1
3 0.000000 7.622009 -0.551076 0.449345 0.377844 -1
3 -5.387808 5.387808 -0.551076 0.377844 0.449458 -1
1
-0.000000 -0.000000 1.000000
8
3 0 1 2 0 0 0 1
3 0 2 3 0 0 0 1
3 0 3 4 0 0 0 1
3 0 4 5 0 0 0 1
3 0 5 6 0 0 0 1
3 0 6 7 0 0 0 1
3 0 7 8 0 0 0 1
3 0 8 1 0 0 0 1


Materials: 2
"default"
1.000000 1.000000 1.000000 1.000000
0.800000 0.800000 0.800000 1.000000
0.000000 0.000000 0.000000 1.000000
0.000000 0.000000 0.000000 1.000000
0.192000
1.000000
"_mine tex.png"
""
"ornate"
0.000000 0.000000 0.000000 1.000000
1.000000 1.000000 1.000000 1.000000
1.000000 1.000000 1.000000 1.000000
0.000000 0.000000 0.000000 1.000000
0.000000
1.000000
"_mine ornate.png"
""

Bones: 1
"joint1"
""
0 0 0 0 0 0 0
2
1.000000 0.000000 0.000000 0.000000
120.000000 0.000000 0.000000 0.000000
3
1.000000 0.000000 0.000000 0.000000
60.000000 0.000000 0.000000 -3.1
120.000000 0.000000 0.000000 -6.2

GroupComments: 0
MaterialComments: 0
BoneComments: 0
ModelComment: 0
