// MilkShape 3D ASCII

Frames: 30
Frame: 1

Meshes: 5
"default" 0 0
57
0 0.000000 -0.000000 -1.000000 0.518196 0.062644 -1
0 -16.000000 -0.000000 -1.000000 0.519262 0.100827 -1
0 -11.310000 -11.310000 -0.999999 0.626913 0.089446 -1
0 0.000000 -16.000000 -0.999999 0.670929 0.062377 -1
0 11.310000 -11.310000 -0.999999 0.625405 0.035465 -1
0 16.000000 -0.000000 -1.000000 0.517129 0.024461 -1
0 11.310000 11.310000 -1.000001 0.409479 0.035842 -1
0 0.000000 16.000000 -1.000001 0.365463 0.062911 -1
0 -11.310000 11.310000 -1.000001 0.410987 0.089823 -1
0 12.465246 -21.286097 3.038836 0.661988 0.286448 -1
0 10.087130 -17.179886 7.021671 0.619965 0.292729 -1
0 0.000001 -19.911928 7.021671 0.642650 0.311289 -1
0 0.000002 -24.662237 3.038837 0.690146 0.311007 -1
0 21.295622 -12.455725 3.038836 0.590862 0.268913 -1
0 17.189411 -10.077608 7.021671 0.567509 0.279430 -1
0 24.671757 0.009519 3.038835 0.492477 0.262486 -1
0 19.921448 0.009519 7.021670 0.492791 0.274382 -1
0 -17.189411 10.096647 7.021669 0.422159 0.343872 -1
0 -21.295622 12.474762 3.038834 0.398787 0.354502 -1
0 -24.671757 0.009517 3.038835 0.497990 0.360860 -1
0 -19.921448 0.009519 7.021670 0.497343 0.348899 -1
0 -10.087129 17.198925 7.021668 0.368819 0.330607 -1
0 -12.465244 21.305138 3.038833 0.326515 0.336970 -1
0 0.000000 19.930965 7.021668 0.346140 0.311923 -1
0 -0.000000 24.681274 3.038833 0.298251 0.312123 -1
0 17.189407 10.096647 7.021669 0.418644 0.279740 -1
0 21.295618 12.474762 3.038834 0.393449 0.269197 -1
0 12.465242 21.305140 3.038833 0.323332 0.287261 -1
0 10.087127 17.198929 7.021668 0.365947 0.293064 -1
0 -17.189405 -10.077611 7.021671 0.572083 0.343349 -1
0 -21.295616 -12.455729 3.038836 0.597470 0.353879 -1
0 -12.465242 -21.286106 3.038836 0.666539 0.335697 -1
0 -10.087127 -17.179895 7.021671 0.624035 0.330040 -1
0 -21.295622 12.474762 3.038834 0.387371 0.478015 -1
0 -12.465244 21.305138 3.038833 0.319100 0.460168 -1
0 -13.512520 23.133844 -0.944002 0.283607 0.465091 -1
0 -23.124329 13.522037 -0.944001 0.368034 0.486243 -1
0 -24.671757 0.009517 3.038835 0.486371 0.484637 -1
0 -26.784111 0.009516 -0.944000 0.486684 0.494812 -1
0 -21.295616 -12.455729 3.038836 0.586026 0.477468 -1
0 -23.124323 -13.503003 -0.943999 0.604749 0.485896 -1
0 -13.512516 -23.114813 -0.943998 0.694612 0.466034 -1
0 -12.465242 -21.286106 3.038836 0.660243 0.460604 -1
0 0.000002 -24.662237 3.038837 0.690447 0.436139 -1
0 12.465246 -21.286097 3.038836 0.664756 0.411430 -1
0 13.512522 -23.114803 -0.943998 0.700204 0.406485 -1
0 0.000004 -26.774591 -0.943998 0.728613 0.436367 -1
0 21.295622 -12.455725 3.038836 0.595866 0.393372 -1
0 23.124329 -13.502999 -0.943999 0.615337 0.385118 -1
0 26.784111 0.009519 -0.944000 0.496455 0.376592 -1
0 24.671757 0.009519 3.038835 0.496008 0.386792 -1
0 21.295618 12.474762 3.038834 0.394895 0.392817 -1
0 23.124325 13.522037 -0.944001 0.376205 0.384405 -1
0 13.512518 23.133846 -0.944002 0.288823 0.405286 -1
0 12.465242 21.305140 3.038833 0.323717 0.410565 -1
0 -0.000000 24.681274 3.038833 0.292990 0.435215 -1
0 -0.000001 26.793629 -0.944002 0.254655 0.435007 -1
38
-0.000000 -0.000000 1.000000
0.396000 -0.683300 0.613500
0.322200 -0.556300 0.766000
-0.000000 -0.642500 0.766300
0.025000 -0.671900 0.740200
0.501700 -0.501700 0.704800
0.463700 -0.463700 0.754900
0.633000 -0.171400 0.754900
-0.633000 0.171400 0.754900
-0.501700 0.501700 0.704800
-0.463700 0.463700 0.754900
-0.322200 0.556300 0.766000
-0.396000 0.683300 0.613500
-0.000000 0.642500 0.766300
-0.000000 0.695600 0.718400
0.463700 0.463700 0.754900
0.633000 0.171400 0.754900
-0.633000 -0.171400 0.754900
-0.463700 -0.463700 0.754900
-0.171400 -0.633000 0.754900
0.171400 0.633000 0.754900
0.209000 0.771700 0.600700
-0.441800 0.765600 0.467700
-0.629800 0.629800 0.454700
-0.859200 0.232700 0.455700
-0.859200 -0.232700 0.455700
-0.629800 -0.629800 0.454700
-0.232700 -0.859200 0.455700
0.441800 -0.765600 0.467700
0.232700 -0.859200 0.455700
0.859200 -0.232700 0.455700
0.883000 -0.029800 0.468300
0.883400 -0.000000 0.468500
0.859200 0.232700 0.455700
0.629800 -0.629800 0.454700
0.629800 0.629800 0.454700
0.232700 0.859200 0.455700
-0.232700 0.859200 0.455700
56
0 0 1 2 0 0 0 1
0 0 2 3 0 0 0 1
0 0 3 4 0 0 0 1
0 0 4 5 0 0 0 1
0 0 5 6 0 0 0 1
0 0 6 7 0 0 0 1
0 0 7 8 0 0 0 1
0 0 8 1 0 0 0 1
0 9 10 11 1 2 3 1
0 9 11 12 1 3 4 1
0 13 14 10 5 6 2 1
0 13 10 9 5 2 1 1
0 15 16 14 7 7 7 1
0 15 14 13 7 7 7 1
0 17 18 19 8 8 8 1
0 17 19 20 8 8 8 1
0 18 17 21 9 10 11 1
0 18 21 22 9 11 12 1
0 23 24 22 13 14 12 1
0 23 22 21 13 12 11 1
0 25 26 27 15 15 15 1
0 25 27 28 15 15 15 1
0 26 25 16 16 16 16 1
0 26 16 15 16 16 16 1
0 29 20 19 17 17 17 1
0 29 19 30 17 17 17 1
0 30 31 32 18 18 18 1
0 30 32 29 18 18 18 1
0 11 32 31 3 19 19 1
0 11 31 12 3 19 4 1
0 28 27 24 20 21 14 1
0 28 24 23 20 14 13 1
0 33 34 35 9 12 22 1
0 35 36 33 23 23 23 1
0 37 33 38 24 24 24 1
0 37 38 39 25 25 25 1
0 38 33 36 24 24 24 1
0 38 40 39 25 25 25 1
0 39 40 41 26 26 26 1
0 39 41 42 26 26 26 1
0 42 41 43 27 27 27 1
0 44 43 45 1 4 28 1
0 41 46 43 27 27 27 1
0 46 45 43 29 29 29 1
0 47 44 45 5 1 28 1
0 47 48 49 30 30 31 1
0 50 49 51 32 31 33 1
0 45 48 47 34 34 34 1
0 47 49 50 30 31 32 1
0 49 52 51 33 33 33 1
0 51 52 53 35 35 35 1
0 54 53 55 21 36 14 1
0 34 55 35 12 14 22 1
0 56 35 55 37 37 37 1
0 53 56 55 36 36 36 1
0 53 54 51 35 35 35 1
"inner white" 0 0
24
0 19.921448 0.009519 7.021670 0.490032 0.130857 -1
0 17.189407 10.096647 7.021669 0.377393 0.139415 -1
0 12.590599 0.009515 -0.944000 0.490699 0.158129 -1
0 10.846127 6.450387 -0.944000 0.432566 0.162924 -1
0 10.087127 17.198929 7.021668 0.299762 0.160000 -1
0 6.440865 10.855648 -0.944001 0.394181 0.173552 -1
0 0.000000 19.930965 7.021668 0.272284 0.188559 -1
0 0.000001 12.600118 -0.944001 0.381104 0.188473 -1
0 -10.087129 17.198925 7.021668 0.306398 0.216648 -1
0 -6.440868 10.855645 -0.944001 0.399929 0.202941 -1
0 -17.189411 10.096647 7.021669 0.388719 0.235925 -1
0 -10.846130 6.450385 -0.944000 0.442146 0.212406 -1
0 -19.921448 0.009519 7.021670 0.502813 0.242550 -1
0 -12.590599 0.009520 -0.944000 0.501483 0.215443 -1
0 -17.189405 -10.077611 7.021671 0.614465 0.233815 -1
0 -10.846126 -6.431353 -0.944000 0.558975 0.210371 -1
0 -10.087127 -17.179895 7.021671 0.691483 0.213552 -1
0 -6.440866 -10.836616 -0.943999 0.598171 0.199947 -1
0 0.000001 -19.911928 7.021671 0.719768 0.185223 -1
0 -0.000004 -12.581080 -0.943999 0.611508 0.185174 -1
0 10.087130 -17.179886 7.021671 0.686417 0.157131 -1
0 6.440869 -10.836605 -0.943999 0.592748 0.170785 -1
0 17.189411 -10.077608 7.021671 0.604378 0.137714 -1
0 10.846129 -6.431347 -0.944000 0.550416 0.161297 -1
20
-0.735800 -0.000000 0.677200
-0.637400 -0.368900 0.676500
-0.637100 -0.369400 0.676500
-0.368900 -0.637400 0.676500
-0.369400 -0.637200 0.676500
-0.000000 -0.735800 0.677200
0.368900 -0.637400 0.676500
0.369400 -0.637100 0.676500
0.637400 -0.368900 0.676500
0.637200 -0.369400 0.676500
0.735800 -0.000000 0.677200
0.637400 0.368900 0.676500
0.637200 0.369400 0.676500
0.368900 0.637400 0.676500
0.369400 0.637200 0.676500
-0.000000 0.735800 0.677200
-0.368900 0.637400 0.676500
-0.369400 0.637200 0.676500
-0.637400 0.368900 0.676500
-0.637200 0.369400 0.676500
24
0 0 1 2 0 1 0 1
0 1 3 2 1 2 0 1
0 1 4 3 1 3 2 1
0 4 5 3 3 4 2 1
0 4 6 5 3 5 4 1
0 6 7 5 5 5 4 1
0 6 8 7 5 6 5 1
0 8 9 7 6 7 5 1
0 8 10 9 6 8 7 1
0 10 11 9 8 9 7 1
0 10 12 11 8 10 9 1
0 12 13 11 10 10 9 1
0 12 14 13 10 11 10 1
0 14 15 13 11 12 10 1
0 14 16 15 11 13 12 1
0 16 17 15 13 14 12 1
0 16 18 17 13 15 14 1
0 18 19 17 15 15 14 1
0 18 20 19 15 16 15 1
0 20 21 19 16 17 15 1
0 20 22 21 16 18 17 1
0 22 23 21 18 19 17 1
0 22 0 23 18 0 19 1
0 0 2 23 0 0 19 1
"ornate" 0 1
24
3 0.000000 -0.000000 -0.896462 0.507218 0.505922 -1
3 -16.000000 -0.000000 -0.896462 0.251297 0.503249 -1
3 -11.310000 -11.310000 -0.896461 0.299299 0.685824 -1
3 0.000000 -0.000000 -0.896462 0.506984 0.507946 -1
3 -11.310000 -11.310000 -0.896461 0.301311 0.692764 -1
3 0.000000 -16.000000 -0.896460 0.501281 0.765500 -1
3 0.000000 -0.000000 -0.896462 0.507737 0.507382 -1
3 0.000000 -16.000000 -0.896460 0.501366 0.760918 -1
3 11.310000 -11.310000 -0.896461 0.682002 0.700110 -1
3 0.000000 -0.000000 -0.896462 0.508077 0.506719 -1
3 11.310000 -11.310000 -0.896461 0.686240 0.702535 -1
3 16.000000 -0.000000 -0.896462 0.749544 0.523447 -1
3 0.000000 -0.000000 -0.896462 0.508756 0.505893 -1
3 16.000000 -0.000000 -0.896462 0.749216 0.520262 -1
3 11.310000 11.310000 -0.896463 0.697689 0.317830 -1
3 0.000000 -0.000000 -0.896462 0.508587 0.505861 -1
3 11.310000 11.310000 -0.896463 0.695548 0.317763 -1
3 0.000000 16.000000 -0.896463 0.494263 0.219415 -1
3 0.000000 -0.000000 -0.896462 0.507729 0.506558 -1
3 0.000000 16.000000 -0.896463 0.494311 0.219774 -1
3 -11.310000 11.310000 -0.896463 0.305214 0.317586 -1
3 0.000000 -0.000000 -0.896462 0.507898 0.506590 -1
3 -11.310000 11.310000 -0.896463 0.298792 0.317385 -1
3 -16.000000 -0.000000 -0.896462 0.249968 0.502497 -1
1
-0.000000 -0.000000 1.000000
8
3 0 1 2 0 0 0 1
3 3 4 5 0 0 0 1
3 6 7 8 0 0 0 1
3 9 10 11 0 0 0 1
3 12 13 14 0 0 0 1
3 15 16 17 0 0 0 1
3 18 19 20 0 0 0 1
3 21 22 23 0 0 0 1
"spikes" 0 0
163
0 -25.154984 -11.340942 8.248728 0.709194 0.340245 0
0 -22.558033 -16.144070 7.514965 0.708565 0.287984 0
0 -9.158524 -2.041758 8.090359 0.297322 0.340565 0
0 -22.252171 -16.005934 -1.576133 0.297393 0.287949 0
0 -6.230021 -6.592632 -1.723633 0.296623 0.340209 0
0 -22.558033 -16.144070 7.514965 0.709264 0.288339 0
0 -24.849123 -11.202805 -0.842387 0.296232 0.287897 0
0 -22.252171 -16.005934 -1.576133 0.295465 0.340147 0
0 -22.558033 -16.144070 7.514965 0.705529 0.340538 0
0 -8.852663 -1.903620 -1.000756 0.706226 0.340183 0
0 -24.849123 -11.202805 -0.842387 0.705599 0.287933 0
0 -9.158524 -2.041758 8.090359 0.296161 0.340502 0
0 -6.230021 -6.592632 -1.723633 0.297393 0.287949 0
0 -8.852663 -1.903620 -1.000756 0.296623 0.340209 0
0 -9.158524 -2.041758 8.090359 0.708494 0.340600 0
0 -6.535883 -6.730768 7.367466 0.709264 0.288339 0
0 -6.535883 -6.730768 7.367466 0.708494 0.340600 0
0 -22.558033 -16.144070 7.514965 0.295534 0.288253 0
0 -25.154984 -11.340942 8.248728 0.296161 0.340502 0
0 -24.849123 -11.202805 -0.842387 0.706226 0.340183 0
0 -25.154984 -11.340942 8.248728 0.295534 0.288253 0
0 -6.535883 -6.730768 7.367466 0.296692 0.288304 0
0 -2.580610 8.743745 8.242436 0.295999 0.287753 0
0 2.872492 8.618655 7.467443 0.295430 0.340255 0
0 -2.697031 27.246922 8.316674 0.706383 0.288044 0
0 2.838718 9.066558 -1.618752 0.705378 0.340614 0
0 2.636133 27.648613 -1.532030 0.706444 0.288365 0
0 2.872492 8.618655 7.467443 0.295316 0.340071 0
0 -2.614388 9.191649 -0.843773 0.299036 0.288128 0
0 2.838718 9.066558 -1.618752 0.298469 0.340101 0
0 2.872492 8.618655 7.467443 0.706866 0.340389 0
0 -2.730814 27.694824 -0.769536 0.296132 0.287948 0
0 -2.614388 9.191649 -0.843773 0.295563 0.340198 0
0 -2.697031 27.246922 8.316674 0.706197 0.288238 0
0 2.636133 27.648613 -1.532030 0.295999 0.287753 0
0 -2.730814 27.694824 -0.769536 0.295430 0.340255 0
0 -2.697031 27.246922 8.316674 0.705814 0.340546 0
0 -2.697031 27.246922 8.316674 0.296250 0.287626 0
0 2.669910 27.200714 7.554166 0.295183 0.340127 0
0 2.636133 27.648613 -1.532030 0.705563 0.340673 0
0 2.669910 27.200714 7.554166 0.296383 0.287821 0
0 -2.580610 8.743745 8.242436 0.707432 0.288416 0
0 -2.580610 8.743745 8.242436 0.705629 0.340487 0
0 2.669910 27.200714 7.554166 0.705814 0.340546 0
0 8.898283 -2.541474 8.233384 0.296613 0.288720 0
0 6.246336 -7.325492 7.575395 0.295411 0.339436 0
0 25.349630 -11.009805 8.068450 0.704532 0.289317 0
0 6.466970 -7.619302 -1.514471 0.296613 0.288720 0
0 23.028360 -16.047672 -1.669755 0.295411 0.339436 0
0 6.246336 -7.325492 7.575395 0.704532 0.289317 0
0 9.118914 -2.835286 -0.856498 0.296454 0.287785 0
0 6.466970 -7.619302 -1.514471 0.295246 0.340034 0
0 6.246336 -7.325492 7.575395 0.705306 0.340650 0
0 25.570265 -11.303615 -1.021434 0.296454 0.287785 0
0 9.118914 -2.835286 -0.856498 0.295246 0.340034 0
0 25.349630 -11.009805 8.068450 0.706514 0.288401 0
0 23.028360 -16.047672 -1.669755 0.296613 0.288720 0
0 25.570265 -11.303615 -1.021434 0.295411 0.339436 0
0 25.349630 -11.009805 8.068450 0.703330 0.340034 0
0 22.807730 -15.753858 7.420112 0.704532 0.289317 0
0 22.807730 -15.753858 7.420112 0.703330 0.340034 0
0 8.898283 -2.541474 8.233384 0.706514 0.288401 0
0 8.898283 -2.541474 8.233384 0.705306 0.340650 0
0 -25.153769 -11.351095 8.241992 0.463107 0.385587 0
0 -26.066732 -10.101405 7.353382 0.457652 0.383989 0
0 -26.279799 -12.010104 7.131989 0.469583 0.384782 0
0 -23.209314 -10.195133 8.224510 0.416157 0.385126 0
0 -26.066732 -10.101405 7.353382 0.452456 0.384340 0
0 -26.261555 -10.146370 -0.740960 0.478947 0.486726 0
0 -26.474058 -12.054938 -0.942561 0.493199 0.488060 0
0 -24.016487 -8.932235 7.329808 0.424151 0.384169 0
0 -24.211311 -8.977196 -0.764529 0.428764 0.487895 0
0 -26.261555 -10.146370 -0.740960 0.464243 0.486579 0
0 -22.555494 -16.094368 7.536575 0.544127 0.386211 0
0 -23.450863 -16.651005 6.340572 0.538120 0.385353 0
0 -21.842405 -17.455547 6.122156 0.553692 0.385289 0
0 -20.411221 -14.911745 7.513870 0.585373 0.385410 0
0 -21.842405 -17.455547 6.122156 0.548572 0.384424 0
0 -21.801661 -17.546013 -1.798687 0.527559 0.487481 0
0 -21.842405 -17.455547 6.122156 0.448279 0.490009 0
0 -19.951326 -16.502787 -1.815289 0.432305 0.383800 0
0 -19.683355 -16.230524 6.105652 0.420613 0.488594 0
0 -26.474058 -12.054938 -0.942561 0.478176 0.488078 0
0 -23.596813 -16.766666 -1.554074 0.539297 0.490568 0
0 -26.279799 -12.010104 7.131989 0.473339 0.383673 0
0 -25.153769 -11.351095 8.241992 0.469499 0.382996 0
0 -22.555494 -16.094368 7.536575 0.539952 0.384633 0
0 -24.016487 -8.932235 7.329808 0.423507 0.383325 0
0 -19.683355 -16.230524 6.105652 0.581438 0.384509 0
0 -19.951326 -16.502787 -1.815289 0.570907 0.488488 0
0 -23.209314 -10.195133 8.224510 0.412587 0.384146 0
0 -23.793575 -10.597562 -0.764529 0.406041 0.488481 0
0 -21.485090 -15.446297 -1.635825 0.596421 0.488354 0
0 -20.411221 -14.911745 7.513870 0.587258 0.381909 0
0 -23.450863 -16.651005 6.340572 0.533934 0.385456 0
0 -23.596813 -16.766666 -1.554074 0.512256 0.488084 0
0 -21.842405 -17.455547 6.122156 0.556454 0.382224 0
0 -21.801661 -17.546013 -1.798687 0.543266 0.488061 0
0 -26.066732 -10.101405 7.353382 0.449751 0.385313 0
0 2.687729 25.110409 8.213633 0.421466 0.383390 0
0 4.190176 27.519135 7.279193 0.457782 0.382828 0
0 2.670296 27.372490 8.202947 0.468401 0.384141 0
0 4.073820 27.607880 -0.816295 0.467055 0.485132 0
0 2.644865 28.663078 7.076857 0.462986 0.382509 0
0 4.190176 27.519135 7.279193 0.455053 0.383785 0
0 4.073820 27.607880 -0.816295 0.481754 0.485369 0
0 2.528769 28.751530 -0.998837 0.495972 0.486790 0
0 4.165548 25.158970 7.285938 0.429483 0.382483 0
0 4.049192 25.247715 -0.809546 0.431547 0.486230 0
0 -2.750021 27.512947 7.613261 0.549400 0.385262 0
0 -2.805204 28.551666 6.404967 0.543414 0.384367 0
0 -4.315399 27.566051 6.231723 0.558987 0.384399 0
0 -2.810413 25.064827 7.622760 0.590663 0.384715 0
0 -4.315399 27.566051 6.231723 0.561824 0.381351 0
0 -3.002905 28.636398 -1.488943 0.530344 0.486423 0
0 -4.586027 27.476563 -1.684609 0.546036 0.487099 0
0 -4.618464 25.352612 -1.673703 0.573665 0.487696 0
0 -4.346506 25.083862 6.247220 0.589429 0.383035 0
0 2.528769 28.751530 -0.998837 0.480950 0.486716 0
0 -3.002905 28.636398 -1.488943 0.542006 0.489582 0
0 2.644865 28.663078 7.076857 0.478680 0.382289 0
0 2.670296 27.372490 8.202947 0.474857 0.381589 0
0 -2.750021 27.512947 7.613261 0.545264 0.383658 0
0 4.165548 25.158970 7.285938 0.428860 0.381635 0
0 -4.346506 25.083862 6.247220 0.586750 0.383789 0
0 2.687729 25.110409 8.213633 0.417921 0.382389 0
0 2.439642 25.704411 -0.780351 0.408810 0.486676 0
0 -2.929243 26.146156 -1.540889 0.599180 0.487719 0
0 -2.810413 25.064827 7.622760 0.592634 0.381226 0
0 -2.805204 28.551666 6.404967 0.539226 0.384445 0
0 22.931646 -15.852401 8.212068 0.468401 0.384141 0
0 22.350660 -17.283886 7.318665 0.462986 0.382509 0
0 23.857027 -16.824783 7.133213 0.474897 0.383375 0
0 20.910635 -14.836843 8.251830 0.421466 0.383390 0
0 22.350660 -17.283886 7.318665 0.457782 0.382828 0
0 22.313665 -17.325344 -0.777955 0.481754 0.485369 0
0 23.820063 -16.866085 -0.943608 0.495972 0.486790 0
0 20.261419 -16.186245 7.354848 0.429483 0.382483 0
0 20.224428 -16.227711 -0.741766 0.431547 0.486230 0
0 22.313665 -17.325344 -0.777955 0.467055 0.485132 0
0 25.512991 -11.099858 7.506894 0.549400 0.385262 0
0 26.606497 -11.225839 6.233560 0.543414 0.384367 0
0 26.244360 -9.748693 6.092212 0.558987 0.384399 0
0 23.361822 -9.930266 7.546198 0.590663 0.384715 0
0 26.244360 -9.748693 6.092212 0.561824 0.381351 0
0 26.438074 -11.504376 -1.612141 0.530344 0.486423 0
0 26.122732 -9.569308 -1.826287 0.546036 0.487099 0
0 24.247377 -8.572318 -1.789104 0.573665 0.487696 0
0 24.049658 -8.589566 6.138558 0.589429 0.383035 0
0 23.820063 -16.866085 -0.943608 0.480950 0.486716 0
0 26.438074 -11.504376 -1.612141 0.542006 0.489582 0
0 23.857027 -16.824783 7.133213 0.478680 0.382289 0
0 22.931646 -15.852401 8.212068 0.474857 0.381589 0
0 25.512991 -11.099858 7.506894 0.545264 0.383658 0
0 20.261419 -16.186245 7.354848 0.428860 0.381635 0
0 24.049658 -8.589566 6.138558 0.586750 0.383789 0
0 20.910635 -14.836843 8.251830 0.417921 0.382389 0
0 21.364561 -15.002934 -0.752195 0.408810 0.486676 0
0 24.187078 -10.435689 -1.630912 0.599180 0.487719 0
0 23.361822 -9.930266 7.546198 0.592634 0.381226 0
0 26.606497 -11.225839 6.233560 0.539226 0.384445 0
0 26.606497 -11.225839 6.233560 0.553888 0.383502 0
0 22.350660 -17.283886 7.318665 0.455053 0.383785 0
76
0.074400 -0.111200 0.991000
0.506600 -0.862200 0.003900
-0.881400 -0.470900 -0.036800
-0.502600 0.864500 -0.003800
0.874600 0.483500 0.036800
0.140600 -0.003100 0.990100
0.999900 0.010900 -0.003200
-0.029900 -0.998300 -0.049100
-1.000000 -0.006300 0.003400
0.015600 0.998700 0.049200
-0.046900 -0.110500 0.992800
-0.453400 -0.891200 0.017800
-0.871800 0.488400 -0.036900
0.457500 0.889100 -0.017600
0.878800 -0.475900 0.036700
-0.700700 -0.004500 0.713500
-0.249800 0.433300 0.866000
-0.993900 0.108200 0.023300
-0.495300 0.868700 0.007100
-0.300800 -0.758400 0.578200
0.333100 -0.589900 0.735600
-0.446500 -0.894800 0.007900
0.493500 -0.869600 0.013200
-0.851900 -0.523200 0.023400
-0.516600 -0.395900 0.759200
0.849800 0.526600 -0.023400
0.852600 0.520500 -0.046700
0.965700 0.249000 -0.073900
0.554600 0.824400 -0.113300
-0.851900 -0.523300 0.023400
-0.395800 -0.918100 0.020800
-0.587400 -0.470300 0.658600
0.491200 -0.871000 0.012500
0.341300 -0.591600 0.730400
-0.246900 0.450200 0.858100
0.518800 0.008000 0.854900
0.595000 0.803800 0.000300
0.594900 0.803800 0.000300
0.999800 -0.010500 -0.014500
-0.490600 0.649600 0.580800
-0.661200 0.019200 0.749900
-0.591900 0.806000 0.011100
-0.999300 0.012700 0.034700
-0.021800 0.999700 0.011300
-0.064900 0.655300 0.752500
0.025700 -0.999600 -0.011300
0.018500 -0.999200 -0.034500
-0.273500 -0.960300 -0.055900
0.429700 -0.896100 -0.111300
-0.095700 0.752700 0.651400
-0.548200 0.836000 0.022700
-0.999300 0.015400 0.034000
-0.667000 0.013000 0.745000
0.364800 0.616200 0.698000
0.531700 -0.003100 0.846900
0.272700 -0.586600 0.762600
-0.211300 -0.454400 0.865400
0.292000 -0.956400 0.003600
-0.465000 -0.885300 0.006700
0.747700 0.242500 0.618100
0.333900 0.589400 0.735600
0.987100 0.159600 -0.011500
0.467200 0.884000 0.013600
0.898500 -0.439000 -0.001900
0.626600 -0.229900 0.744700
-0.901600 0.432500 0.001900
-0.898500 0.438400 -0.021500
-0.731300 0.680300 -0.049400
-0.995600 0.024500 -0.090900
0.291900 -0.956400 0.003600
0.897400 -0.441300 -0.003600
0.722000 -0.250900 0.644800
0.971500 0.235400 -0.029200
0.469600 0.882800 0.012800
0.330900 0.597300 0.730600
-0.227300 -0.460900 0.857900
96
0 0 1 2 0 0 0 1
0 3 4 5 1 1 1 1
0 6 7 8 2 2 2 1
0 9 10 11 3 3 3 1
0 12 13 14 4 4 4 1
0 14 15 12 4 4 4 1
0 5 4 16 1 1 1 1
0 17 18 19 2 2 2 1
0 11 10 20 3 3 3 1
0 2 1 21 0 0 0 1
0 22 23 24 5 5 5 1
0 25 26 27 6 6 6 1
0 28 29 30 7 7 7 1
0 31 32 33 8 8 8 1
0 34 35 36 9 9 9 1
0 37 38 39 9 9 9 1
0 27 26 40 6 6 6 1
0 30 41 28 7 7 7 1
0 33 32 42 8 8 8 1
0 24 23 43 5 5 5 1
0 44 45 46 10 10 10 1
0 47 48 49 11 11 11 1
0 50 51 52 12 12 12 1
0 53 54 55 13 13 13 1
0 56 57 58 14 14 14 1
0 58 59 56 14 14 14 1
0 49 48 60 11 11 11 1
0 52 61 50 12 12 12 1
0 55 54 62 13 13 13 1
0 46 45 60 10 10 10 1
0 63 64 65 15 15 15 1
0 66 67 63 16 16 16 1
0 68 69 64 17 17 17 1
0 70 71 72 18 18 18 1
0 73 74 75 19 19 19 1
0 73 75 76 20 20 20 1
0 77 74 78 21 21 21 1
0 79 80 81 22 22 22 1
0 82 83 84 23 23 23 1
0 85 84 86 24 24 24 1
0 66 71 87 25 25 25 1
0 88 89 76 26 26 26 1
0 90 91 71 27 27 27 1
0 89 92 93 28 28 28 1
0 64 69 65 17 17 17 1
0 84 83 94 29 29 29 1
0 78 74 95 30 30 30 1
0 86 84 94 31 31 31 1
0 89 96 97 32 32 32 1
0 76 75 88 33 33 33 1
0 72 98 70 18 18 18 1
0 67 66 87 34 34 34 1
0 99 100 101 35 35 35 1
0 102 103 104 36 36 36 1
0 105 106 103 37 37 37 1
0 107 108 102 38 38 38 1
0 109 110 111 39 39 39 1
0 109 111 112 40 40 40 1
0 113 114 115 41 41 41 1
0 113 116 117 42 42 42 1
0 118 119 120 43 43 43 1
0 121 120 122 44 44 44 1
0 99 108 123 45 45 45 1
0 124 116 112 46 46 46 1
0 125 126 108 47 47 47 1
0 116 127 128 48 48 48 1
0 120 119 129 43 43 43 1
0 122 120 129 49 49 49 1
0 114 113 110 50 50 50 1
0 116 113 115 51 51 51 1
0 112 111 124 52 52 52 1
0 103 101 100 53 53 53 1
0 102 104 107 38 38 38 1
0 100 99 123 54 54 54 1
0 130 131 132 55 55 55 1
0 133 134 130 56 56 56 1
0 135 136 131 57 57 57 1
0 137 138 139 58 58 58 1
0 140 141 142 59 59 59 1
0 140 142 143 60 60 60 1
0 144 145 146 61 61 61 1
0 144 147 148 62 62 62 1
0 149 150 151 63 63 63 1
0 152 151 153 64 64 64 1
0 133 138 154 65 65 65 1
0 155 147 143 66 66 66 1
0 156 157 138 67 67 67 1
0 147 158 159 68 68 68 1
0 131 136 132 69 69 69 1
0 151 150 160 70 70 70 1
0 153 151 160 71 71 71 1
0 145 144 161 72 72 72 1
0 147 144 146 73 73 73 1
0 143 142 155 74 74 74 1
0 139 162 137 58 58 58 1
0 134 133 154 75 75 75 1
"deco" 0 0
48
3 12.465246 -21.286097 3.138836 0.740802 0.719896 -1
3 10.087130 -17.179886 7.121671 0.648026 0.681338 -1
3 0.000001 -19.911928 7.121671 0.511089 0.691853 -1
3 0.000002 -24.662237 3.138837 0.514595 0.736195 -1
3 21.295622 -12.455725 3.138836 0.902144 0.678875 -1
3 17.189411 -10.077608 7.121671 0.746042 0.657103 -1
3 24.671757 0.009519 3.138835 0.961034 0.622192 -1
3 19.921448 0.009519 7.121670 0.783103 0.622621 -1
3 -17.189411 10.096647 7.121669 0.270004 0.590223 -1
3 -21.295622 12.474762 3.138834 0.112828 0.568542 -1
3 -24.671757 0.009517 3.138835 0.054568 0.625696 -1
3 -19.921448 0.009519 7.121670 0.233101 0.624921 -1
3 -10.087129 17.198925 7.121668 0.367769 0.565581 -1
3 -12.465244 21.305138 3.138833 0.274135 0.526861 -1
3 0.000000 19.930965 7.121668 0.505621 0.555069 -1
3 -0.000000 24.681274 3.138833 0.502997 0.510500 -1
3 17.189407 10.096647 7.121669 0.743355 0.588430 -1
3 21.295618 12.474762 3.138834 0.898863 0.565182 -1
3 12.465242 21.305140 3.138833 0.732180 0.524861 -1
3 10.087127 17.198929 7.121668 0.644869 0.564156 -1
3 -17.189405 -10.077611 7.121671 0.274264 0.659385 -1
3 -21.295616 -12.455729 3.138836 0.119230 0.682965 -1
3 -12.465242 -21.286106 3.138836 0.287005 0.722682 -1
3 -10.087127 -17.179895 7.121671 0.372638 0.683315 -1
3 19.921448 0.009519 9.121675 0.820959 0.896173 -1
3 17.189407 10.096647 9.121674 0.820959 0.852521 -1
3 15.327171 0.009515 1.156005 0.755027 0.890260 -1
3 13.203537 7.850312 1.156004 0.751722 0.855307 -1
3 10.087127 17.198929 9.121674 0.737587 0.816102 -1
3 7.840790 13.213060 1.156004 0.684291 0.827269 -1
3 0.000000 19.930965 9.121674 0.587324 0.794038 -1
3 0.000001 15.336690 1.156004 0.562508 0.810211 -1
3 -10.087129 17.198925 9.121674 0.413172 0.794028 -1
3 -7.840794 13.213056 1.156004 0.423499 0.810888 -1
3 -17.189411 10.096647 9.121674 0.268243 0.814920 -1
3 -13.203543 7.850310 1.156004 0.312690 0.827671 -1
3 -19.921448 0.009519 9.121675 0.181434 0.852540 -1
3 -15.327173 0.009521 1.156005 0.246718 0.858081 -1
3 -17.189405 -10.077611 9.121675 0.182867 0.895918 -1
3 -13.203537 -7.831280 1.156005 0.252876 0.892869 -1
3 -10.087127 -17.179895 9.121675 0.264678 0.931981 -1
3 -7.840791 -13.194028 1.156006 0.317986 0.921214 -1
3 0.000001 -19.911928 9.121675 0.413284 0.954232 -1
3 -0.000004 -15.317653 1.156006 0.438300 0.938316 -1
3 10.087130 -17.179886 9.121675 0.587130 0.954515 -1
3 7.840795 -13.194016 1.156006 0.576578 0.937623 -1
3 17.189411 -10.077608 9.121675 0.732727 0.933783 -1
3 13.203541 -7.831273 1.156005 0.687657 0.920791 -1
34
0.322200 -0.556300 0.766000
-0.000000 -0.642500 0.766300
0.463700 -0.463700 0.754900
0.633000 -0.171400 0.754900
-0.633000 0.171400 0.754900
-0.463700 0.463700 0.754900
-0.322200 0.556300 0.766000
-0.000000 0.642500 0.766300
0.463700 0.463700 0.754900
0.633000 0.171400 0.754900
-0.633000 -0.171400 0.754900
-0.463700 -0.463700 0.754900
-0.171400 -0.633000 0.754900
0.171400 0.633000 0.754900
-0.866200 -0.000000 0.499600
-0.750800 -0.433900 0.498000
-0.749900 -0.435400 0.498000
-0.433900 -0.750800 0.498000
-0.435400 -0.749900 0.498000
-0.000000 -0.866200 0.499600
0.433900 -0.750800 0.498000
0.435400 -0.749900 0.498000
0.750800 -0.433900 0.498000
0.749900 -0.435400 0.498000
0.866200 -0.000000 0.499600
0.750800 0.433900 0.498000
0.749900 0.435400 0.498000
0.433900 0.750800 0.498000
0.435400 0.749900 0.498000
-0.000000 0.866200 0.499600
-0.433900 0.750800 0.498000
-0.435400 0.749900 0.498000
-0.750800 0.433900 0.498000
-0.749900 0.435400 0.498000
48
3 0 1 2 0 0 1 1
3 0 2 3 0 1 1 1
3 4 5 1 2 2 0 1
3 4 1 0 2 0 0 1
3 6 7 5 3 3 3 1
3 6 5 4 3 3 3 1
3 8 9 10 4 4 4 1
3 8 10 11 4 4 4 1
3 9 8 12 5 5 6 1
3 9 12 13 5 6 6 1
3 14 15 13 7 7 6 1
3 14 13 12 7 6 6 1
3 16 17 18 8 8 8 1
3 16 18 19 8 8 8 1
3 17 16 7 9 9 9 1
3 17 7 6 9 9 9 1
3 20 11 10 10 10 10 1
3 20 10 21 10 10 10 1
3 21 22 23 11 11 11 1
3 21 23 20 11 11 11 1
3 2 23 22 1 12 12 1
3 2 22 3 1 12 1 1
3 19 18 15 13 13 7 1
3 19 15 14 13 7 7 1
3 24 25 26 14 15 14 1
3 25 27 26 15 16 14 1
3 25 28 27 15 17 16 1
3 28 29 27 17 18 16 1
3 28 30 29 17 19 18 1
3 30 31 29 19 19 18 1
3 30 32 31 19 20 19 1
3 32 33 31 20 21 19 1
3 32 34 33 20 22 21 1
3 34 35 33 22 23 21 1
3 34 36 35 22 24 23 1
3 36 37 35 24 24 23 1
3 36 38 37 24 25 24 1
3 38 39 37 25 26 24 1
3 38 40 39 25 27 26 1
3 40 41 39 27 28 26 1
3 40 42 41 27 29 28 1
3 42 43 41 29 29 28 1
3 42 44 43 29 30 29 1
3 44 45 43 30 31 29 1
3 44 46 45 30 32 31 1
3 46 47 45 32 33 31 1
3 46 24 47 32 14 33 1
3 24 26 47 14 14 33 1


Materials: 2
"default"
1.000000 1.000000 1.000000 1.000000
0.800000 0.800000 0.800000 1.000000
0.000000 0.000000 0.000000 1.000000
0.000000 0.000000 0.000000 1.000000
0.192000
1.000000
"_mine tex.png"
""
"ornate"
0.000000 0.000000 0.000000 1.000000
1.000000 1.000000 1.000000 1.000000
1.000000 1.000000 1.000000 1.000000
0.000000 0.000000 0.000000 1.000000
0.000000
1.000000
"_mine ornate.png"
""

Bones: 1
"joint1"
""
0 0 0 0 0 0 0
2
1.000000 0.000000 0.000000 0.000000
120.000000 0.000000 0.000000 0.000000
3
1.000000 0.000000 0.000000 0.000000
60.000000 0.000000 0.000000 3.1
120.000000 0.000000 0.000000 6.2

GroupComments: 0
MaterialComments: 0
BoneComments: 0
ModelComment: 0
