// MilkShape 3D ASCII

Frames: 30
Frame: 1

Meshes: 3
"inkblack arrow mesh border of life" 0 0
106
3 0.000000 -5.137908 0.000000 0.000000 1.000000 -1
3 -9.660185 4.522276 -0.000000 1.000000 1.000000 -1
3 -11.510276 6.948467 -0.000000 1.000000 0.000000 -1
3 0.000846 -7.709101 -0.000000 0.000000 0.000000 -1
3 9.660185 4.522276 -0.000000 0.000000 1.000000 -1
3 0.000000 -5.137908 0.000000 1.000000 1.000000 -1
3 0.000846 -7.709101 -0.000000 1.000000 0.000000 -1
3 11.511969 6.948467 -0.000000 0.000000 0.000000 -1
3 -11.808359 3.167025 -0.000000 0.000000 1.000000 -1
3 0.000000 -8.641335 0.000000 1.000000 1.000000 -1
3 -11.510276 6.948467 -0.000000 0.000000 0.000000 -1
3 0.000000 -8.641335 0.000000 0.000000 1.000000 -1
3 11.808358 3.167025 -0.000000 1.000000 1.000000 -1
3 11.511969 6.948467 -0.000000 1.000000 0.000000 -1
3 -8.816691 30.358658 -0.000000 0.999451 1.000549 -1
3 -10.627589 32.821732 -0.000000 1.000549 0.000549 -1
3 -11.251744 32.563202 -0.000000 0.000549 -0.000549 -1
3 -9.413133 30.111605 -0.000000 -0.000549 0.999451 -1
3 -9.413133 30.111605 -0.000000 0.999451 1.000549 -1
3 -11.251744 32.563202 -0.000000 1.000549 0.000549 -1
3 -11.510276 31.939047 -0.000000 0.000549 -0.000549 -1
3 -9.660185 29.515165 -0.000000 -0.000549 0.999451 -1
3 -9.660185 4.522276 -0.000000 0.000000 1.000000 -1
3 -9.660185 29.515165 -0.000000 1.000000 1.000000 -1
3 -11.510276 31.939047 -0.000000 1.000000 0.000000 -1
3 -8.816691 30.358658 -0.000000 0.000000 1.000000 -1
3 0.000000 30.358658 -0.000000 1.000000 1.000000 -1
3 0.000846 32.821732 -0.000000 1.000000 0.000000 -1
3 -10.627589 32.821732 -0.000000 0.000000 0.000000 -1
3 10.629295 32.821732 -0.000000 0.001833 -0.001826 -1
3 8.710303 30.358658 -0.000000 -0.001826 0.998167 -1
3 9.381970 30.080444 -0.000000 0.998167 1.001826 -1
3 11.253428 32.530594 -0.000000 1.001826 0.001833 -1
3 11.253428 32.530594 -0.000000 0.001833 -0.001826 -1
3 9.381970 30.080444 -0.000000 -0.001826 0.998167 -1
3 9.660185 29.408775 -0.000000 0.998167 1.001826 -1
3 11.511969 31.939068 -0.000000 1.001826 0.001833 -1
3 9.660185 29.408775 -0.000000 0.000000 1.000000 -1
3 9.660185 4.522276 -0.000000 1.000000 1.000000 -1
3 11.511969 31.939068 -0.000000 0.000000 0.000000 -1
3 0.000000 30.358658 -0.000000 0.000000 1.000000 -1
3 8.710303 30.358658 -0.000000 1.000000 1.000000 -1
3 10.629295 32.821732 -0.000000 1.000000 0.000000 -1
3 0.000846 32.821732 -0.000000 0.000000 0.000000 -1
3 17.845266 12.816108 -0.000000 0.001833 -0.001826 -1
3 18.107325 9.593791 -0.000000 -0.001826 0.998167 -1
3 18.728676 9.856913 -0.000000 0.998167 1.001826 -1
3 18.495491 13.091455 -0.000000 1.001826 0.001833 -1
3 18.495491 13.091455 -0.000000 0.001833 -0.001826 -1
3 18.728676 9.856913 -0.000000 -0.001826 0.998167 -1
3 19.351349 9.596938 -0.000000 0.998167 1.001826 -1
3 19.147097 12.819401 -0.000000 1.001826 0.001833 -1
3 11.808358 3.167025 -0.000000 0.000000 1.000000 -1
3 18.107325 9.593791 -0.000000 1.000000 1.000000 -1
3 17.845266 12.816108 -0.000000 1.000000 0.000000 -1
3 -19.114504 12.850600 -0.000000 0.001833 -0.001826 -1
3 -19.321814 9.626741 -0.000000 -0.001826 0.998167 -1
3 -18.728626 9.874414 -0.000000 0.998167 1.001826 -1
3 -18.493755 13.109779 -0.000000 1.001826 0.001833 -1
3 -18.493755 13.109779 -0.000000 0.001833 -0.001826 -1
3 -18.728626 9.874414 -0.000000 -0.001826 0.998167 -1
3 -18.136694 9.623753 -0.000000 0.998167 1.001826 -1
3 -17.874317 12.847473 -0.000000 1.001826 0.001833 -1
3 -18.136694 9.623753 -0.000000 0.000000 1.000000 -1
3 -11.808359 3.167025 -0.000000 1.000000 1.000000 -1
3 -17.874317 12.847473 -0.000000 0.000000 0.000000 -1
3 -31.977991 -2.259821 0.000000 0.001833 -0.001826 -1
3 -28.954491 -1.821586 0.000000 -0.001826 0.998167 -1
3 -29.309786 -0.965029 0.000000 0.998167 1.001826 -1
3 -32.349792 -1.363462 0.000000 1.001826 0.001833 -1
3 -32.349792 -1.363462 0.000000 0.001833 -0.001826 -1
3 -29.309786 -0.965029 0.000000 -0.001826 0.998167 -1
3 -28.958536 -0.106803 0.000000 0.998167 1.001826 -1
3 -31.982225 -0.465359 0.000000 1.001826 0.001833 -1
3 -28.958536 -0.106803 0.000000 0.000000 1.000000 -1
3 -19.321814 9.626741 -0.000000 1.000000 1.000000 -1
3 -19.114504 12.850600 -0.000000 1.000000 0.000000 -1
3 -31.982225 -0.465359 0.000000 0.000000 0.000000 -1
3 -1.023354 -29.768255 0.000000 0.999451 1.000549 -1
3 -1.070064 -33.184944 0.000000 1.000549 0.000549 -1
3 0.000847 -33.628773 0.000000 0.000549 -0.000549 -1
3 0.000006 -30.192381 0.000000 -0.000549 0.999451 -1
3 0.000006 -30.192381 0.000000 0.999451 1.000549 -1
3 0.000847 -33.628773 0.000000 1.000549 0.000549 -1
3 1.071759 -33.184948 0.000000 0.000549 -0.000549 -1
3 1.023367 -29.768259 0.000000 -0.000549 0.999451 -1
3 -1.023354 -29.768255 0.000000 0.000000 1.000000 -1
3 -28.954491 -1.821586 0.000000 1.000000 1.000000 -1
3 -31.977991 -2.259821 0.000000 1.000000 0.000000 -1
3 -1.070064 -33.184944 0.000000 0.000000 0.000000 -1
3 28.777922 -1.998458 0.000000 1.000232 0.999768 -1
3 31.794924 -2.444906 0.000000 0.999768 -0.000232 -1
3 32.243610 -1.363210 0.000000 -0.000232 0.000232 -1
3 29.206688 -0.964795 0.000000 0.000232 1.000232 -1
3 29.206688 -0.964795 0.000000 1.000232 0.999768 -1
3 32.243610 -1.363210 0.000000 0.999768 -0.000232 -1
3 31.800037 -0.279417 0.000000 -0.000232 0.000232 -1
3 28.782810 0.070875 -0.000000 0.000232 1.000232 -1
3 28.777922 -1.998458 0.000000 0.000000 1.000000 -1
3 1.023367 -29.768259 0.000000 1.000000 1.000000 -1
3 1.071759 -33.184948 0.000000 1.000000 0.000000 -1
3 31.794924 -2.444906 0.000000 0.000000 0.000000 -1
3 19.351349 9.596938 -0.000000 0.000000 1.000000 -1
3 28.782810 0.070875 -0.000000 1.000000 1.000000 -1
3 31.800037 -0.279417 0.000000 1.000000 0.000000 -1
3 19.147097 12.819401 -0.000000 0.000000 0.000000 -1
1
-0.000000 -0.000000 1.000000
56
3 0 1 2 0 0 0 1
3 0 2 3 0 0 0 1
3 4 5 6 0 0 0 1
3 4 6 7 0 0 0 1
3 8 9 6 0 0 0 1
3 8 6 10 0 0 0 1
3 11 12 13 0 0 0 1
3 11 13 3 0 0 0 1
3 14 15 16 0 0 0 1
3 14 16 17 0 0 0 1
3 18 19 20 0 0 0 1
3 18 20 21 0 0 0 1
3 22 23 24 0 0 0 1
3 22 24 10 0 0 0 1
3 25 26 27 0 0 0 1
3 25 27 28 0 0 0 1
3 29 30 31 0 0 0 1
3 29 31 32 0 0 0 1
3 33 34 35 0 0 0 1
3 33 35 36 0 0 0 1
3 37 38 13 0 0 0 1
3 37 13 39 0 0 0 1
3 40 41 42 0 0 0 1
3 40 42 43 0 0 0 1
3 44 45 46 0 0 0 1
3 44 46 47 0 0 0 1
3 48 49 50 0 0 0 1
3 48 50 51 0 0 0 1
3 52 53 54 0 0 0 1
3 52 54 7 0 0 0 1
3 55 56 57 0 0 0 1
3 55 57 58 0 0 0 1
3 59 60 61 0 0 0 1
3 59 61 62 0 0 0 1
3 63 64 2 0 0 0 1
3 63 2 65 0 0 0 1
3 66 67 68 0 0 0 1
3 66 68 69 0 0 0 1
3 70 71 72 0 0 0 1
3 70 72 73 0 0 0 1
3 74 75 76 0 0 0 1
3 74 76 77 0 0 0 1
3 78 79 80 0 0 0 1
3 78 80 81 0 0 0 1
3 82 83 84 0 0 0 1
3 82 84 85 0 0 0 1
3 86 87 88 0 0 0 1
3 86 88 89 0 0 0 1
3 90 91 92 0 0 0 1
3 90 92 93 0 0 0 1
3 94 95 96 0 0 0 1
3 94 96 97 0 0 0 1
3 98 99 100 0 0 0 1
3 98 100 101 0 0 0 1
3 102 103 104 0 0 0 1
3 102 104 105 0 0 0 1
"default" 0 1
119
0 -0.271808 -1.690839 4.995456 0.124023 0.593808 -1
0 -0.271808 27.575781 5.022719 0.124023 0.365234 -1
0 -7.393030 27.566521 4.995453 0.074805 0.365234 -1
0 -7.393030 5.309162 4.995455 0.074805 0.539120 -1
0 6.606970 5.309162 4.995455 0.173242 0.539120 -1
0 6.606970 27.566521 4.995453 0.173242 0.365234 -1
0 -0.272507 28.862549 6.994427 0.944734 0.186860 -1
0 -0.271808 27.575781 5.022719 0.943184 0.496900 -1
0 6.606970 27.566521 4.995453 0.943184 0.496900 -1
0 -0.248492 -12.375086 5.000001 0.153681 0.558334 -1
0 -0.248492 -26.889807 5.000005 0.225846 0.638517 -1
0 18.356428 6.124914 4.999999 0.153681 0.353936 -1
0 -18.643572 6.124914 4.999999 0.681127 0.278530 -1
0 -0.248492 -12.375086 5.000001 0.683588 0.066902 -1
0 -19.290771 7.524990 6.976715 0.650506 0.239838 -1
0 -0.247969 -28.428684 6.976720 0.273801 0.069444 -1
0 27.214314 -0.942431 6.976716 0.385130 0.543837 -1
0 25.613787 -1.132445 4.999999 0.393314 0.540069 -1
0 -0.248492 -26.889807 5.000005 0.285937 0.072690 -1
0 27.214314 -0.942431 6.976716 0.530056 0.489149 -1
0 18.746891 7.524990 6.976715 0.529281 0.420940 -1
0 25.613787 -1.132445 4.999999 0.530832 0.411639 -1
0 -27.758192 -0.942431 6.976716 0.975329 0.168458 -1
0 -25.900930 -1.132445 4.999999 0.973877 0.051460 -1
0 -19.290771 7.524990 6.976715 0.975329 0.045436 -1
0 18.746891 7.524990 6.976715 0.892755 0.244079 -1
0 -0.248492 -11.263570 6.976718 0.892755 0.244079 -1
0 -0.248492 -12.375086 5.000001 0.892755 0.244079 -1
0 18.746891 7.524990 6.976715 0.887833 0.138265 -1
0 -0.248492 -12.375086 5.000001 0.887833 0.138265 -1
0 18.356428 6.124914 4.999999 0.887833 0.138265 -1
0 -0.248492 -26.889807 5.000005 0.416530 0.293344 -1
0 -25.900930 -1.132445 4.999999 0.412840 0.497589 -1
0 -0.247969 -28.428684 6.976720 0.412840 0.497589 -1
0 -0.248492 -11.263570 6.976718 0.680194 0.277613 -1
0 -25.900930 -1.132445 4.999999 0.107526 0.356401 -1
0 -0.248492 -26.889807 5.000005 0.035550 0.628298 -1
0 -18.643572 6.124914 4.999999 0.032640 0.358987 -1
0 -0.247969 -28.428684 6.976720 0.934658 0.149656 -1
0 -0.248492 -31.000000 -0.661221 0.934658 0.076796 -1
0 27.214314 -0.942431 6.976716 0.935211 0.034717 -1
0 18.746891 7.524990 6.976715 0.341539 0.443402 -1
0 18.228191 10.500000 -0.664318 0.340309 0.591049 -1
0 -0.248492 -8.000000 -0.661225 0.344000 0.509843 -1
0 -0.248492 -8.000000 -0.661225 0.665024 0.682196 -1
0 -18.771809 10.500000 -0.661227 0.469391 0.409050 -1
0 -19.290771 7.524990 6.976715 0.464470 0.409050 -1
0 27.214314 -0.942431 6.976716 0.618418 0.296924 -1
0 29.728191 -1.000000 -0.661227 0.613767 0.520153 -1
0 18.228191 10.500000 -0.664318 0.613767 0.520153 -1
0 18.746891 7.524990 6.976715 0.613767 0.520153 -1
0 -30.271809 -1.000000 -0.661227 0.669671 0.205973 -1
0 -0.248492 -31.000000 -0.661221 0.669719 0.120571 -1
0 -27.758192 -0.942431 6.976716 0.669133 0.094821 -1
0 -19.290771 7.524990 6.976715 0.340472 0.581792 -1
0 -18.771809 10.500000 -0.661227 0.337692 0.690750 -1
0 -30.271809 -1.000000 -0.661227 0.271250 0.964873 -1
0 -8.269735 28.703171 6.976712 0.943184 0.496900 -1
0 -7.393030 27.566521 4.995453 0.943184 0.496900 -1
0 -0.272507 -3.674000 6.994432 0.530832 0.617815 -1
0 -0.271808 -1.690839 4.995456 0.530832 0.617815 -1
0 -7.393030 5.309162 4.995455 0.530832 0.617815 -1
0 -8.255420 4.528068 7.008687 0.530832 0.357382 -1
0 -27.758192 -0.942431 6.976716 0.412840 0.497589 -1
0 -0.272507 -3.674000 6.994432 0.448671 0.527904 -1
0 7.724720 4.545655 6.976715 0.451772 0.227165 -1
0 6.606970 5.309162 4.995455 0.447121 0.524803 -1
0 -0.271808 -1.690839 4.995456 0.453322 0.214764 -1
0 7.820428 28.862549 6.994427 0.943184 0.496900 -1
0 -10.271809 4.000000 -0.661227 0.502928 0.520153 -1
0 -0.271808 -6.000000 -0.661225 0.506028 0.786786 -1
0 -0.272507 -3.674000 6.994432 0.504478 0.594562 -1
0 7.820428 28.862549 6.994427 0.451027 0.368939 -1
0 6.606970 27.566521 4.995453 0.446106 0.450145 -1
0 -8.255420 4.528068 7.008687 0.752314 0.332228 -1
0 -7.393030 5.309162 4.995455 0.752314 0.585006 -1
0 -8.269735 28.703171 6.976712 0.753716 0.473934 -1
0 7.820428 28.862549 6.994427 0.347803 0.087344 -1
0 9.728191 30.500000 -0.661231 0.347216 0.084512 -1
0 -0.272507 28.862549 6.994427 0.283324 0.089900 -1
0 -8.255420 4.528068 7.008687 0.505253 0.721678 -1
0 9.728191 4.000000 -0.661227 0.949655 0.396672 -1
0 9.728191 30.500000 -0.661231 0.951206 0.027725 -1
0 7.724720 4.545655 6.976715 0.946410 0.399127 -1
0 -0.272507 28.862549 6.994427 0.284806 0.088988 -1
0 -0.271808 30.500000 -0.661231 0.284806 0.088988 -1
0 -10.271809 30.500000 -0.661231 0.339368 0.084376 -1
0 -8.269735 28.703171 6.976712 0.344569 0.085020 -1
0 -0.272507 -3.674000 6.994432 0.888163 0.227224 -1
0 -0.271808 -6.000000 -0.661225 0.924273 0.098492 -1
0 9.728191 4.000000 -0.661227 0.894364 0.098004 -1
0 -0.272507 -3.674000 6.994432 0.898672 0.224550 -1
0 9.728191 4.000000 -0.661227 0.968430 0.207067 -1
0 7.724720 4.545655 6.976715 0.935101 0.113603 -1
0 -0.271808 30.500000 -0.661231 0.284936 0.089967 -1
0 18.746891 7.524990 6.976715 0.343271 0.382533 -1
0 -0.248492 -8.000000 -0.661225 0.343271 0.651283 -1
0 -0.248492 -11.263570 6.976718 0.343271 0.658855 -1
0 -19.290771 7.524990 6.976715 0.339614 0.556037 -1
0 -30.271809 -1.000000 -0.661227 0.271943 0.957127 -1
0 -27.758192 -0.942431 6.976716 0.279325 0.905451 -1
0 -0.248492 -11.263570 6.976718 0.669371 0.677613 -1
0 -0.248492 -8.000000 -0.661225 0.669371 0.670041 -1
0 -19.290771 7.524990 6.976715 0.473128 0.393719 -1
0 29.728191 -1.000000 -0.661227 0.935211 0.034717 -1
0 -18.643572 6.124914 4.999999 0.972966 0.286292 -1
0 25.613787 -1.132445 4.999999 0.225846 0.353936 -1
0 18.356428 6.124914 4.999999 0.530056 0.344980 -1
0 7.724720 4.545655 6.976715 0.448102 0.285931 -1
0 -8.269735 28.703171 6.976712 0.445571 0.487598 -1
0 -10.271809 30.500000 -0.661231 0.445571 0.177559 -1
0 -8.255420 4.528068 7.008687 0.504478 0.667421 -1
0 -7.393030 27.566521 4.995453 0.753716 0.473934 -1
0 7.820428 28.862549 6.994427 0.946410 0.028426 -1
0 -10.271809 4.000000 -0.661227 0.504478 0.667421 -1
0 -0.247969 -28.428684 6.976720 0.669133 0.255256 -1
0 -0.248492 -26.889807 5.000005 0.035542 0.628103 -1
0 -0.248492 -12.375086 5.000001 0.107842 0.560264 -1
0 -18.643572 6.124914 4.999999 0.106863 0.355602 -1
36
-0.007300 0.520400 0.853900
-0.000000 -0.477400 0.878700
0.449300 -0.393700 0.802000
0.561900 0.197500 0.803300
-0.518900 0.191200 0.833100
-0.393900 -0.380700 0.836600
-0.003400 0.183100 0.983100
0.000100 -0.276000 0.961200
0.001800 0.579600 0.814900
0.069400 -0.605200 0.793000
-0.117600 -0.614100 0.780400
0.010800 0.469000 0.883200
0.001500 -0.493000 0.870000
0.501300 -0.009900 0.865200
-0.571700 0.033100 0.819800
0.007400 0.464300 0.885700
-0.521300 -0.007500 0.853300
0.535600 0.031500 0.843900
0.000500 -0.337900 0.941200
0.000300 -0.947700 0.319100
-0.021700 0.931100 0.364000
-0.000700 0.917900 0.396900
0.021200 0.931100 0.364100
0.949900 -0.002300 0.312600
-0.949900 -0.002700 0.312600
-0.345300 0.326200 0.880000
-0.002500 -0.535500 0.844500
-0.309100 -0.098900 0.945900
0.336300 -0.123000 0.933700
0.357500 0.369100 0.857900
-0.897200 -0.359500 0.256600
-0.000000 -0.956800 0.290700
0.678400 0.664700 0.313100
0.897000 -0.359800 0.256800
-0.000000 0.977900 0.209200
-0.675700 0.661300 0.325700
56
0 0 1 2 0 1 2 1
0 0 2 3 0 2 3 1
0 4 5 0 4 5 0 1
0 6 7 8 6 1 5 1
0 9 10 11 7 8 9 1
0 5 1 0 5 1 0 1
0 12 13 14 10 7 11 1
0 15 16 17 12 13 14 1
0 15 17 18 12 14 8 1
0 19 20 21 13 15 14 1
0 22 23 24 16 17 11 1
0 25 26 27 15 18 7 1
0 28 29 30 15 7 9 1
0 31 32 33 8 17 12 1
0 13 34 14 7 18 11 1
0 35 36 37 17 8 10 1
0 38 39 40 12 19 13 1
0 41 42 43 15 20 21 1
0 44 45 46 21 22 11 1
0 47 48 49 13 23 20 1
0 47 49 50 13 20 15 1
0 51 52 53 24 19 16 1
0 54 55 56 11 22 24 1
0 6 57 58 6 25 2 1
0 6 58 7 6 2 1 1
0 59 60 61 26 0 3 1
0 62 59 61 27 26 3 1
0 32 63 33 17 16 12 1
0 64 65 66 26 28 4 1
0 64 66 67 26 4 0 1
0 68 6 8 29 6 5 1
0 69 70 71 30 31 26 1
0 72 73 66 29 5 4 1
0 74 75 76 27 3 25 1
0 77 78 79 29 32 6 1
0 80 69 71 27 30 26 1
0 81 82 83 33 32 28 1
0 84 85 86 6 34 35 1
0 84 86 87 6 35 25 1
0 88 89 90 26 31 33 1
0 91 92 93 26 33 28 1
0 78 94 79 32 34 6 1
0 95 96 97 15 21 18 1
0 98 99 100 11 24 16 1
0 101 102 103 18 21 11 1
0 39 104 40 19 23 13 1
0 23 105 24 17 10 11 1
0 10 106 11 8 14 9 1
0 20 107 21 15 9 14 1
0 108 72 66 28 29 4 1
0 109 110 111 25 35 27 1
0 75 112 76 3 2 25 1
0 82 113 83 32 29 28 1
0 111 110 114 27 35 30 1
0 52 115 53 19 12 16 1
0 116 117 118 8 7 10 1
"ornate" 0 2
16
3 0.000000 -12.242640 6.000003 0.500567 0.667573 -1
3 0.000000 -26.757359 6.000006 0.500036 0.941116 -1
3 18.500000 6.257360 6.000000 0.791078 0.381965 -1
3 -18.500000 6.257360 6.000000 0.211489 0.379142 -1
3 0.000000 -26.757359 6.000006 0.500124 0.941180 -1
3 0.000000 -12.242640 6.000003 0.500028 0.667333 -1
3 -18.500000 6.257360 6.000000 0.211741 0.378561 -1
3 -25.757359 -1.000000 6.000000 0.076586 0.518610 -1
3 0.000000 -26.757359 6.000006 0.499835 0.940761 -1
3 0.000000 -1.757360 6.000000 0.501032 0.548373 -1
3 0.000000 27.500000 5.999994 0.459762 0.052250 -1
3 -7.000000 27.500000 5.999994 0.371836 0.052250 -1
3 -7.000000 5.242640 6.000000 0.370913 0.419948 -1
3 7.000000 5.242640 6.000000 0.629668 0.423847 -1
3 7.000000 27.500000 5.999994 0.628618 0.052659 -1
3 25.757359 -1.000000 6.000000 0.927964 0.517773 -1
1
-0.000000 -0.000000 1.000000
8
3 0 1 2 0 0 0 1
3 3 4 5 0 0 0 1
3 6 7 8 0 0 0 1
3 9 10 11 0 0 0 1
3 9 11 12 0 0 0 1
3 13 14 9 0 0 0 1
3 1 15 2 0 0 0 1
3 14 10 9 0 0 0 1

Materials: 3
"outline"
1.000000 1.000000 1.000000 1.000000
0.800000 0.800000 0.800000 1.000000
0.500000 0.500000 0.500000 1.000000
0.000000 0.000000 0.000000 1.000000
0.192000
1.000000
"border_of_life.png"
""
"Material01"
0.000000 0.000000 0.000000 1.000000
1.000000 1.000000 1.000000 1.000000
1.000000 1.000000 1.000000 1.000000
0.000000 0.000000 0.000000 1.000000
0.000000
1.000000
"texcher_4th.png"
""
"Material02"
0.000000 0.000000 0.000000 1.000000
1.000000 1.000000 1.000000 1.000000
1.000000 1.000000 1.000000 1.000000
0.000000 0.000000 0.000000 1.000000
0.000000
1.000000
"ornate_4th.png"
""

Bones: 0
GroupComments: 0
MaterialComments: 0
BoneComments: 0
ModelComment: 0
