// MilkShape 3D ASCII

Frames: 30
Frame: 1

Meshes: 3
"InkblackArrowMesh BorderOfLife" 0 0
85
0 -10.007606 4.000000 -0.000740 0.500000 1.001423 -1
0 -11.910000 3.834810 0.000301 0.000000 1.000000 -1
0 -0.007605 -6.000000 -0.000738 1.000000 1.001423 -1
0 11.910300 3.946955 0.000301 1.000000 1.000000 -1
0 9.992394 4.000000 -0.000740 0.500000 1.000675 -1
0 -0.007605 -6.000000 -0.000738 0.000000 1.000675 -1
0 -10.007606 30.500000 -0.000744 0.999451 1.000549 -1
0 -11.108700 32.821732 0.000299 1.000549 0.000549 -1
0 -11.732900 32.563202 0.000299 0.000549 -0.000549 -1
0 -11.732900 32.563202 0.000299 1.000549 0.000549 -1
0 -11.910000 31.939049 0.000299 0.000549 -0.000549 -1
0 -10.007606 30.500000 -0.000744 1.000000 1.000000 -1
0 -11.910000 6.948467 0.000301 0.000000 0.000000 -1
0 -10.007606 4.000000 -0.000740 0.000000 1.000000 -1
0 -10.007606 30.500000 -0.000744 0.000000 1.000000 -1
0 0.000000 32.821732 0.000299 1.000000 0.000000 -1
0 -11.108700 32.821732 0.000299 0.000000 0.000000 -1
0 11.108700 32.821732 0.000299 0.001833 -0.001826 -1
0 9.992394 30.500000 -0.000744 0.998167 1.001826 -1
0 11.732900 32.530594 0.000299 1.001826 0.001833 -1
0 11.732900 32.530594 0.000299 0.001833 -0.001826 -1
0 11.910300 31.939068 0.000299 1.001826 0.001833 -1
0 9.992394 30.500000 -0.000744 0.000000 1.000000 -1
0 11.910300 6.948467 0.000301 1.000000 0.000000 -1
0 11.910300 31.939068 0.000299 0.000000 0.000000 -1
0 9.992394 30.500000 -0.000744 1.000000 1.000000 -1
0 0.000000 32.821732 0.000299 0.000000 0.000000 -1
0 0.000000 30.500999 0.000299 0.000000 1.000000 -1
0 17.947258 12.743288 0.000301 0.001833 -0.001826 -1
0 18.463732 10.500000 -0.000744 0.998167 1.001826 -1
0 18.597483 13.018636 0.000301 1.001826 0.001833 -1
0 18.597483 13.018636 0.000301 0.001833 -0.001826 -1
0 19.249088 12.746581 0.000301 1.001826 0.001833 -1
0 -19.012512 12.777781 0.000301 0.001833 -0.001826 -1
0 -18.536268 10.500000 -0.000741 0.998167 1.001826 -1
0 -18.391764 13.036960 0.000301 1.001826 0.001833 -1
0 -18.391764 13.036960 0.000301 0.001833 -0.001826 -1
0 -17.772326 12.774653 0.000301 1.001826 0.001833 -1
0 11.910300 3.946955 0.000301 0.000000 1.000000 -1
0 18.463732 10.500000 -0.000744 1.000000 1.000000 -1
0 17.947258 12.743288 0.000301 1.000000 0.000000 -1
0 -31.875999 -2.259821 0.000302 0.001833 -0.001826 -1
0 -30.036268 -1.000000 -0.000740 0.998167 1.001826 -1
0 -32.247803 -1.363461 0.000302 1.001826 0.001833 -1
0 -32.247803 -1.363461 0.000302 0.001833 -0.001826 -1
0 -31.880234 -0.465359 0.000301 1.001826 0.001833 -1
0 -18.536268 10.500000 -0.000741 1.000000 1.000000 -1
0 -31.880234 -0.465359 0.000301 0.000000 0.000000 -1
0 -30.036268 -1.000000 -0.000740 0.000000 1.000000 -1
0 0.000000 -31.000000 -0.000735 0.999451 1.000549 -1
0 -1.070701 -33.184944 0.000304 1.000549 0.000549 -1
0 0.000000 -33.628799 0.000304 0.000549 -0.000549 -1
0 0.000000 -33.628799 0.000304 1.000549 0.000549 -1
0 1.071122 -33.184948 0.000304 0.000549 -0.000549 -1
0 0.000000 -31.000000 -0.000735 0.000000 1.000000 -1
0 -31.875999 -2.259821 0.000302 1.000000 0.000000 -1
0 -1.070701 -33.184944 0.000304 0.000000 0.000000 -1
0 29.963732 -1.000000 -0.000744 1.000232 0.999768 -1
0 31.896915 -2.444906 0.000302 0.999768 -0.000232 -1
0 32.345600 -1.363211 0.000302 -0.000232 0.000232 -1
0 32.345600 -1.363211 0.000302 0.999768 -0.000232 -1
0 31.902027 -0.279417 0.000302 -0.000232 0.000232 -1
0 0.000000 -31.000000 -0.000735 1.000000 1.000000 -1
0 31.896915 -2.444906 0.000302 0.000000 0.000000 -1
0 29.963732 -1.000000 -0.000744 0.000000 1.000000 -1
0 18.463732 10.500000 -0.000744 0.000000 1.000000 -1
0 31.902027 -0.279417 0.000302 1.000000 0.000000 -1
0 19.249088 12.746581 0.000301 0.000000 0.000000 -1
0 -11.910000 6.948467 0.000301 0.000000 1.001423 -1
0 0.000000 -8.000000 -0.000738 1.000000 1.000000 -1
0 0.000000 -8.000000 -0.000738 0.000000 1.000000 -1
0 11.910300 6.948467 0.000301 1.000000 1.000675 -1
0 -11.910000 31.939049 0.000299 1.000000 0.000000 -1
0 0.000000 30.500999 0.000299 1.000000 1.000000 -1
0 9.992394 4.000000 -0.000740 1.000000 1.000000 -1
0 11.108700 32.821732 0.000299 1.000000 0.000000 -1
0 11.910300 6.948467 0.000301 0.000000 0.000000 -1
0 -11.910000 6.948467 0.000301 1.000000 0.000000 -1
0 -17.772326 12.774653 0.000301 0.000000 0.000000 -1
0 -11.910000 3.834810 0.000301 1.000000 1.000000 -1
0 -19.012512 12.777781 0.000301 1.000000 0.000000 -1
0 -30.036268 -1.000000 -0.000740 1.000000 1.000000 -1
0 1.071122 -33.184948 0.000304 1.000000 0.000000 -1
0 29.963732 -1.000000 -0.000744 1.000000 1.000000 -1
0 -18.536268 10.500000 -0.000741 0.000000 1.000000 -1
32
0.000500 0.000300 1.000000
0.000400 0.000100 1.000000
-0.000000 -0.000000 1.000000
-0.000400 0.000100 1.000000
-0.000500 0.000300 1.000000
0.000300 -0.000200 1.000000
0.000100 -0.000400 1.000000
0.000300 -0.000300 1.000000
0.000500 -0.000100 1.000000
0.000300 -0.000000 1.000000
-0.000000 -0.000100 1.000000
-0.000100 -0.000400 1.000000
-0.000300 -0.000200 1.000000
-0.000300 -0.000300 1.000000
-0.000500 -0.000100 1.000000
-0.000300 -0.000000 1.000000
0.000300 -0.000400 1.000000
-0.000000 -0.000400 1.000000
-0.000200 -0.000400 1.000000
-0.000000 -0.000300 1.000000
0.000400 0.000300 1.000000
0.000400 -0.000100 1.000000
0.000500 -0.000000 1.000000
0.000500 -0.000300 1.000000
-0.000000 0.000300 1.000000
0.000200 0.000400 1.000000
-0.000000 0.000400 1.000000
-0.000200 0.000400 1.000000
-0.000400 -0.000100 1.000000
-0.000400 0.000200 1.000000
-0.000400 -0.000000 1.000000
-0.000400 -0.000300 1.000000
40
0 0 1 2 0 1 2 1
0 3 4 5 3 4 2 1
0 6 7 8 5 6 7 1
0 6 9 10 5 7 8 1
0 11 12 13 5 9 0 1
0 14 15 16 5 10 6 1
0 17 18 19 11 12 13 1
0 20 18 21 13 12 14 1
0 22 23 24 12 15 14 1
0 25 26 27 12 10 2 1
0 28 29 30 16 6 17 1
0 31 29 32 17 6 18 1
0 33 34 35 16 19 17 1
0 36 34 37 17 19 13 1
0 38 39 40 3 6 16 1
0 41 42 43 20 21 22 1
0 44 42 45 22 21 23 1
0 46 47 48 19 23 21 1
0 49 50 51 24 25 26 1
0 49 52 53 24 26 27 1
0 54 55 56 24 20 25 1
0 57 58 59 28 29 30 1
0 57 60 61 28 30 31 1
0 62 63 64 24 29 28 1
0 65 66 67 6 31 18 1
0 68 1 0 9 1 0 1
0 1 69 2 1 2 2 1
0 5 70 3 2 2 3 1
0 3 71 4 3 15 4 1
0 11 72 12 5 8 9 1
0 14 73 15 5 2 10 1
0 22 74 23 12 4 15 1
0 25 75 26 12 11 10 1
0 76 38 40 15 3 16 1
0 77 78 79 9 13 1 1
0 46 80 47 19 16 23 1
0 54 81 55 24 21 20 1
0 62 82 63 24 27 29 1
0 65 83 66 6 28 31 1
0 78 84 79 13 19 1 1
"default" 0 1
126
0 -0.007605 -1.690839 5.000000 0.124023 0.000000 -1
0 -0.007605 27.575781 4.999998 0.124023 0.000000 -1
0 -7.128827 27.566521 4.999998 0.074805 0.000000 -1
0 -7.128827 5.309163 5.000000 0.074805 0.000000 -1
0 6.871173 5.309163 5.000000 0.173242 0.000000 -1
0 6.871173 27.566521 4.999998 0.173242 0.000000 -1
0 -0.008304 28.862549 6.899998 0.944734 0.000000 -1
0 -0.007605 27.575781 4.999998 0.943184 0.000000 -1
0 6.871173 27.566521 4.999998 0.943184 0.000000 -1
0 0.000000 -12.375086 5.000001 0.153681 0.000000 -1
0 0.000000 -26.889807 5.000004 0.225846 0.000000 -1
0 18.591969 6.124915 5.000000 0.153681 0.000000 -1
0 -18.408031 6.124915 4.999999 0.675331 0.000000 -1
0 0.000000 -12.375086 5.000001 0.721844 0.000000 -1
0 -19.055231 7.524990 6.900000 0.674850 0.000000 -1
0 0.000000 -28.428684 6.900003 0.315583 0.000000 -1
0 27.449854 -0.942431 6.900001 0.373996 0.000000 -1
0 25.849327 -1.132445 4.999999 0.365812 0.000000 -1
0 0.000000 -26.889807 5.000004 0.303448 0.000000 -1
0 27.449854 -0.942431 6.900001 0.535898 0.000000 -1
0 18.982431 7.524990 6.900000 0.536584 0.000000 -1
0 25.849327 -1.132445 4.999999 0.538135 0.000000 -1
0 -27.522652 -0.942431 6.900001 0.975329 0.000000 -1
0 -25.665390 -1.132445 4.999999 0.973877 0.000000 -1
0 -19.055231 7.524990 6.900000 0.975329 0.000000 -1
0 18.982431 7.524990 6.900000 0.892755 0.000000 -1
0 0.000000 -11.263569 6.900002 0.825518 0.000000 -1
0 0.000000 -12.375086 5.000001 0.822040 0.000000 -1
0 18.982431 7.524990 6.900000 0.890152 0.000000 -1
0 0.000000 -12.375086 5.000001 0.825233 0.000000 -1
0 18.591969 6.124915 5.000000 0.890152 0.000000 -1
0 0.000000 -26.889807 5.000004 0.486459 0.000000 -1
0 -25.665390 -1.132445 4.999999 0.370515 0.000000 -1
0 0.000000 -28.428684 6.900003 0.486448 0.000000 -1
0 0.000000 -11.263569 6.900002 0.724246 0.000000 -1
0 -25.665390 -1.132445 4.999999 0.107526 0.000000 -1
0 0.000000 -26.889807 5.000004 0.035550 0.000000 -1
0 -18.408031 6.124915 4.999999 0.032640 0.000000 -1
0 0.000000 -28.428684 6.900003 0.835950 0.000000 -1
0 0.000000 -31.000000 -0.000735 0.835950 0.000000 -1
0 27.449854 -0.942431 6.900001 0.789970 0.000000 -1
0 18.982431 7.524990 6.900000 0.450880 0.000000 -1
0 18.463732 10.500000 -0.000744 0.444828 0.000000 -1
0 0.000000 -8.000000 -0.000738 0.348350 0.000000 -1
0 0.000000 -8.000000 -0.000738 0.602495 0.000000 -1
0 -18.536268 10.500000 -0.000741 0.475187 0.000000 -1
0 -19.055231 7.524990 6.900000 0.470266 0.000000 -1
0 27.449854 -0.942431 6.900001 0.614940 0.000000 -1
0 29.963732 -1.000000 -0.000744 0.612608 0.000000 -1
0 18.463732 10.500000 -0.000744 0.612608 0.000000 -1
0 18.982431 7.524990 6.900000 0.612608 0.000000 -1
0 -30.036268 -1.000000 -0.000740 0.625765 0.000000 -1
0 0.000000 -31.000000 -0.000735 0.578894 0.000000 -1
0 -27.522652 -0.942431 6.900001 0.627067 0.000000 -1
0 -19.055231 7.524990 6.900000 0.365728 0.000000 -1
0 -18.536268 10.500000 -0.000741 0.363625 0.000000 -1
0 -30.036268 -1.000000 -0.000740 0.362125 0.000000 -1
0 -8.005532 28.703199 6.899998 0.943184 0.000000 -1
0 -7.128827 27.566521 4.999998 0.943184 0.000000 -1
0 -0.008304 -3.674000 6.900001 0.510736 0.000000 -1
0 -0.007605 -1.690839 5.000000 0.511589 0.000000 -1
0 -7.128827 5.309163 5.000000 0.511589 0.000000 -1
0 -7.991216 4.528068 6.900000 0.505844 0.000000 -1
0 -0.008304 -3.674000 6.900001 0.506002 0.000000 -1
0 -7.128827 5.309163 5.000000 0.506002 0.000000 -1
0 -27.522652 -0.942431 6.900001 0.364994 0.000000 -1
0 -0.008304 -3.674000 6.900001 0.327835 0.000000 -1
0 7.988924 4.545655 6.900000 0.324132 0.000000 -1
0 6.871173 5.309163 5.000000 0.325210 0.000000 -1
0 -0.008304 -3.674000 6.900001 0.336460 0.000000 -1
0 6.871173 5.309163 5.000000 0.332879 0.000000 -1
0 -0.007605 -1.690839 5.000000 0.338255 0.000000 -1
0 8.084631 28.862549 6.899998 0.943184 0.000000 -1
0 -10.007606 4.000000 -0.000740 0.569132 0.000000 -1
0 -0.007605 -6.000000 -0.000738 0.569311 0.000000 -1
0 -0.008304 -3.674000 6.900001 0.570682 0.000000 -1
0 8.084631 28.862549 6.899998 0.456750 0.000000 -1
0 6.871173 27.566521 4.999998 0.455307 0.000000 -1
0 6.871173 5.309163 5.000000 0.458224 0.000000 -1
0 -7.991216 4.528068 6.900000 0.754632 0.000000 -1
0 -7.128827 5.309163 5.000000 0.753774 0.000000 -1
0 -8.005532 28.703199 6.899998 0.752573 0.000000 -1
0 8.084631 28.862549 6.899998 0.289974 0.000000 -1
0 9.992394 30.500000 -0.000744 0.289986 0.000000 -1
0 -0.008304 28.862549 6.899998 0.286245 0.000000 -1
0 -7.991216 4.528068 6.900000 0.567661 0.000000 -1
0 -10.007606 4.000000 -0.000740 0.567761 0.000000 -1
0 -0.008304 -3.674000 6.900001 0.564750 0.000000 -1
0 9.992394 4.000000 -0.000740 0.813163 0.000000 -1
0 9.992394 30.500000 -0.000744 0.861943 0.000000 -1
0 7.988924 4.545655 6.900000 0.809918 0.000000 -1
0 -0.008304 28.862549 6.899998 0.286172 0.000000 -1
0 -0.007605 30.500000 -0.000744 0.286292 0.000000 -1
0 -10.007606 30.500000 -0.000744 0.290187 0.000000 -1
0 -8.005532 28.703199 6.899998 0.285409 0.000000 -1
0 -0.008304 -3.674000 6.900001 0.880423 0.000000 -1
0 -0.007605 -6.000000 -0.000738 0.882939 0.000000 -1
0 9.992394 4.000000 -0.000740 0.886624 0.000000 -1
0 -0.008304 -3.674000 6.900001 0.880406 0.000000 -1
0 9.992394 4.000000 -0.000740 0.884735 0.000000 -1
0 7.988924 4.545655 6.900000 0.885684 0.000000 -1
0 -0.007605 30.500000 -0.000744 0.286422 0.000000 -1
0 0.000000 -11.263569 6.900002 0.358119 0.000000 -1
0 -19.055231 7.524990 6.900000 0.365375 0.000000 -1
0 -30.036268 -1.000000 -0.000740 0.362411 0.000000 -1
0 -27.522652 -0.942431 6.900001 0.365456 0.000000 -1
0 0.000000 -11.263569 6.900002 0.606842 0.000000 -1
0 0.000000 -8.000000 -0.000738 0.606842 0.000000 -1
0 -19.055231 7.524990 6.900000 0.478924 0.000000 -1
0 29.963732 -1.000000 -0.000744 0.789970 0.000000 -1
0 -18.408031 6.124915 4.999999 0.972966 0.000000 -1
0 25.849327 -1.132445 4.999999 0.225846 0.000000 -1
0 18.591969 6.124915 5.000000 0.538819 0.000000 -1
0 7.988924 4.545655 6.900000 0.458046 0.000000 -1
0 8.084631 28.862549 6.899998 0.456750 0.000000 -1
0 -8.005532 28.703199 6.899998 0.445016 0.000000 -1
0 -10.007606 30.500000 -0.000744 0.445571 0.000000 -1
0 -7.991216 4.528068 6.900000 0.505939 0.000000 -1
0 -7.128827 27.566521 4.999998 0.752573 0.000000 -1
0 -8.005532 28.703199 6.899998 0.752573 0.000000 -1
0 8.084631 28.862549 6.899998 0.857147 0.000000 -1
0 -10.007606 4.000000 -0.000740 0.505939 0.000000 -1
0 0.000000 -28.428684 6.900003 0.579514 0.000000 -1
0 0.000000 -26.889807 5.000004 0.035542 0.000000 -1
0 0.000000 -12.375086 5.000001 0.107842 0.000000 -1
0 -18.408031 6.124915 4.999999 0.106863 0.000000 -1
36
-0.007300 0.507200 0.861800
-0.000000 -0.468900 0.883200
0.444800 -0.386400 0.808000
0.552800 0.192500 0.810800
-0.510800 0.187400 0.839000
-0.386200 -0.371900 0.844100
-0.002700 0.181000 0.983500
0.000200 -0.271200 0.962500
0.001500 0.570500 0.821300
0.071600 -0.597100 0.799000
-0.120800 -0.606700 0.785700
0.005000 0.459700 0.888000
0.001600 -0.485500 0.874200
0.494100 -0.008700 0.869400
-0.562400 0.033800 0.826200
0.011900 0.455000 0.890400
-0.514200 -0.006600 0.857600
0.525600 0.032200 0.850100
0.000800 -0.341600 0.939900
0.000500 -0.937100 0.349200
-0.023000 0.917400 0.397200
-0.001100 0.902200 0.431300
0.022200 0.917500 0.397200
0.939600 -0.002500 0.342300
-0.939600 -0.002900 0.342300
-0.338000 0.322000 0.884300
-0.002500 -0.530800 0.847500
-0.305800 -0.099600 0.946900
0.330900 -0.122900 0.935600
0.352400 0.366100 0.861300
-0.890600 -0.355800 0.283300
-0.000000 -0.947600 0.319400
0.671300 0.656900 0.343300
0.890600 -0.356400 0.282500
-0.000000 0.973000 0.230900
-0.668100 0.652900 0.356900
56
0 0 1 2 0 1 2 1
0 0 2 3 0 2 3 1
0 4 5 0 4 5 0 1
0 6 7 8 6 1 5 1
0 9 10 11 7 8 9 1
0 5 1 0 5 1 0 1
0 12 13 14 10 7 11 1
0 15 16 17 12 13 14 1
0 15 17 18 12 14 8 1
0 19 20 21 13 15 14 1
0 22 23 24 16 17 11 1
0 25 26 27 15 18 7 1
0 28 29 30 15 7 9 1
0 31 32 33 8 17 12 1
0 13 34 14 7 18 11 1
0 35 36 37 17 8 10 1
0 38 39 40 12 19 13 1
0 41 42 43 15 20 21 1
0 44 45 46 21 22 11 1
0 47 48 49 13 23 20 1
0 47 49 50 13 20 15 1
0 51 52 53 24 19 16 1
0 54 55 56 11 22 24 1
0 6 57 58 6 25 2 1
0 6 58 7 6 2 1 1
0 59 60 61 26 0 3 1
0 62 63 64 27 26 3 1
0 32 65 33 17 16 12 1
0 66 67 68 26 28 4 1
0 69 70 71 26 4 0 1
0 72 6 8 29 6 5 1
0 73 74 75 30 31 26 1
0 76 77 78 29 5 4 1
0 79 80 81 27 3 25 1
0 82 83 84 29 32 6 1
0 85 86 87 27 30 26 1
0 88 89 90 33 32 28 1
0 91 92 93 6 34 35 1
0 91 93 94 6 35 25 1
0 95 96 97 26 31 33 1
0 98 99 100 26 33 28 1
0 83 101 84 32 34 6 1
0 41 43 102 15 21 18 1
0 103 104 105 11 24 16 1
0 106 107 108 18 21 11 1
0 39 109 40 19 23 13 1
0 23 110 24 17 10 11 1
0 10 111 11 8 14 9 1
0 20 112 21 15 9 14 1
0 113 114 78 28 29 4 1
0 115 116 117 25 35 27 1
0 80 118 119 3 2 25 1
0 89 120 90 32 29 28 1
0 117 116 121 27 35 30 1
0 52 122 53 19 12 16 1
0 123 124 125 8 7 10 1
"ornate" 0 2
12
0 -0.007605 -1.690839 5.000000 0.502193 0.545954 -1
0 -0.007605 27.575781 4.999998 0.502193 0.052270 -1
0 -7.128827 27.566521 4.999998 0.371299 0.052426 -1
0 -7.128827 5.309163 5.000000 0.371299 0.418160 -1
0 6.871173 5.309163 5.000000 0.628631 0.418160 -1
0 6.871173 27.566521 4.999998 0.628631 0.052426 -1
0 0.000000 -12.375086 5.000001 0.501553 0.667113 -1
0 0.000000 -26.889807 5.000004 0.502066 0.944135 -1
0 18.591969 6.124915 5.000000 0.793912 0.382512 -1
0 -25.665390 -1.132445 4.999999 0.073469 0.517951 -1
0 -18.408031 6.124915 4.999999 0.217201 0.373707 -1
0 25.849327 -1.132445 4.999999 0.927115 0.517963 -1
1
-0.000000 -0.000000 1.000000
8
0 0 1 2 0 0 0 1
0 0 2 3 0 0 0 1
0 4 5 0 0 0 0 1
0 6 7 8 0 0 0 1
0 5 1 0 0 0 0 1
0 9 7 10 0 0 0 1
0 7 11 8 0 0 0 1
0 7 6 10 0 0 0 1

Materials: 3
"outline"
1.000000 1.000000 1.000000 1.000000
0.800000 0.800000 0.800000 1.000000
0.500000 0.500000 0.500000 1.000000
0.000000 0.000000 0.000000 1.000000
0.192000
1.000000
"textures/border_of_life.png"
""
"Material01"
0.000000 0.000000 0.000000 1.000000
1.000000 1.000000 1.000000 1.000000
1.000000 1.000000 1.000000 1.000000
0.000000 0.000000 0.000000 1.000000
0.000000
1.000000
"textures/texcher_4th.png"
""
"Material02"
0.000000 0.000000 0.000000 1.000000
1.000000 1.000000 1.000000 1.000000
1.000000 1.000000 1.000000 1.000000
0.000000 0.000000 0.000000 1.000000
0.000000
1.000000
"textures/ornate_4th.png"
""

Bones: 0
GroupComments: 0
MaterialComments: 0
BoneComments: 0
ModelComment: 0
