// MilkShape 3D ASCII

Frames: 30
Frame: 1

Meshes: 5
"inkblack arrow mesh border of life" 0 0
106
3 0.000000 -5.137908 0.000000 0.000000 1.000000 -1
3 -9.660185 4.522276 -0.000000 1.000000 1.000000 -1
3 -11.510276 6.948467 -0.000000 1.000000 0.000000 -1
3 0.000846 -7.709101 -0.000000 0.000000 0.000000 -1
3 9.660185 4.522276 -0.000000 0.000000 1.000000 -1
3 0.000000 -5.137908 0.000000 1.000000 1.000000 -1
3 0.000846 -7.709101 -0.000000 1.000000 0.000000 -1
3 11.511969 6.948467 -0.000000 0.000000 0.000000 -1
3 -11.808359 3.167025 -0.000000 0.000000 1.000000 -1
3 0.000000 -8.641335 0.000000 1.000000 1.000000 -1
3 -11.510276 6.948467 -0.000000 0.000000 0.000000 -1
3 0.000000 -8.641335 0.000000 0.000000 1.000000 -1
3 11.808358 3.167025 -0.000000 1.000000 1.000000 -1
3 11.511969 6.948467 -0.000000 1.000000 0.000000 -1
3 -8.816691 30.358658 -0.000000 0.999451 1.000549 -1
3 -10.627589 32.821732 -0.000000 1.000549 0.000549 -1
3 -11.251744 32.563202 -0.000000 0.000549 -0.000549 -1
3 -9.413133 30.111605 -0.000000 -0.000549 0.999451 -1
3 -9.413133 30.111605 -0.000000 0.999451 1.000549 -1
3 -11.251744 32.563202 -0.000000 1.000549 0.000549 -1
3 -11.510276 31.939047 -0.000000 0.000549 -0.000549 -1
3 -9.660185 29.515165 -0.000000 -0.000549 0.999451 -1
3 -9.660185 4.522276 -0.000000 0.000000 1.000000 -1
3 -9.660185 29.515165 -0.000000 1.000000 1.000000 -1
3 -11.510276 31.939047 -0.000000 1.000000 0.000000 -1
3 -8.816691 30.358658 -0.000000 0.000000 1.000000 -1
3 0.000000 30.358658 -0.000000 1.000000 1.000000 -1
3 0.000846 32.821732 -0.000000 1.000000 0.000000 -1
3 -10.627589 32.821732 -0.000000 0.000000 0.000000 -1
3 10.629295 32.821732 -0.000000 0.001833 -0.001826 -1
3 8.710303 30.358658 -0.000000 -0.001826 0.998167 -1
3 9.381970 30.080444 -0.000000 0.998167 1.001826 -1
3 11.253428 32.530594 -0.000000 1.001826 0.001833 -1
3 11.253428 32.530594 -0.000000 0.001833 -0.001826 -1
3 9.381970 30.080444 -0.000000 -0.001826 0.998167 -1
3 9.660185 29.408775 -0.000000 0.998167 1.001826 -1
3 11.511969 31.939068 -0.000000 1.001826 0.001833 -1
3 9.660185 29.408775 -0.000000 0.000000 1.000000 -1
3 9.660185 4.522276 -0.000000 1.000000 1.000000 -1
3 11.511969 31.939068 -0.000000 0.000000 0.000000 -1
3 0.000000 30.358658 -0.000000 0.000000 1.000000 -1
3 8.710303 30.358658 -0.000000 1.000000 1.000000 -1
3 10.629295 32.821732 -0.000000 1.000000 0.000000 -1
3 0.000846 32.821732 -0.000000 0.000000 0.000000 -1
3 17.845266 12.816108 -0.000000 0.001833 -0.001826 -1
3 18.107325 9.593791 -0.000000 -0.001826 0.998167 -1
3 18.728676 9.856913 -0.000000 0.998167 1.001826 -1
3 18.495491 13.091455 -0.000000 1.001826 0.001833 -1
3 18.495491 13.091455 -0.000000 0.001833 -0.001826 -1
3 18.728676 9.856913 -0.000000 -0.001826 0.998167 -1
3 19.351349 9.596938 -0.000000 0.998167 1.001826 -1
3 19.147097 12.819401 -0.000000 1.001826 0.001833 -1
3 11.808358 3.167025 -0.000000 0.000000 1.000000 -1
3 18.107325 9.593791 -0.000000 1.000000 1.000000 -1
3 17.845266 12.816108 -0.000000 1.000000 0.000000 -1
3 -19.114504 12.850600 -0.000000 0.001833 -0.001826 -1
3 -19.321814 9.626741 -0.000000 -0.001826 0.998167 -1
3 -18.728626 9.874414 -0.000000 0.998167 1.001826 -1
3 -18.493755 13.109779 -0.000000 1.001826 0.001833 -1
3 -18.493755 13.109779 -0.000000 0.001833 -0.001826 -1
3 -18.728626 9.874414 -0.000000 -0.001826 0.998167 -1
3 -18.136694 9.623753 -0.000000 0.998167 1.001826 -1
3 -17.874317 12.847473 -0.000000 1.001826 0.001833 -1
3 -18.136694 9.623753 -0.000000 0.000000 1.000000 -1
3 -11.808359 3.167025 -0.000000 1.000000 1.000000 -1
3 -17.874317 12.847473 -0.000000 0.000000 0.000000 -1
3 -31.977991 -2.259821 0.000000 0.001833 -0.001826 -1
3 -28.954491 -1.821586 0.000000 -0.001826 0.998167 -1
3 -29.309786 -0.965029 0.000000 0.998167 1.001826 -1
3 -32.349792 -1.363462 0.000000 1.001826 0.001833 -1
3 -32.349792 -1.363462 0.000000 0.001833 -0.001826 -1
3 -29.309786 -0.965029 0.000000 -0.001826 0.998167 -1
3 -28.958536 -0.106803 0.000000 0.998167 1.001826 -1
3 -31.982225 -0.465359 0.000000 1.001826 0.001833 -1
3 -28.958536 -0.106803 0.000000 0.000000 1.000000 -1
3 -19.321814 9.626741 -0.000000 1.000000 1.000000 -1
3 -19.114504 12.850600 -0.000000 1.000000 0.000000 -1
3 -31.982225 -0.465359 0.000000 0.000000 0.000000 -1
3 -1.023354 -29.768255 0.000000 0.999451 1.000549 -1
3 -1.070064 -33.184944 0.000000 1.000549 0.000549 -1
3 0.000847 -33.628773 0.000000 0.000549 -0.000549 -1
3 0.000006 -30.192381 0.000000 -0.000549 0.999451 -1
3 0.000006 -30.192381 0.000000 0.999451 1.000549 -1
3 0.000847 -33.628773 0.000000 1.000549 0.000549 -1
3 1.071759 -33.184948 0.000000 0.000549 -0.000549 -1
3 1.023367 -29.768259 0.000000 -0.000549 0.999451 -1
3 -1.023354 -29.768255 0.000000 0.000000 1.000000 -1
3 -28.954491 -1.821586 0.000000 1.000000 1.000000 -1
3 -31.977991 -2.259821 0.000000 1.000000 0.000000 -1
3 -1.070064 -33.184944 0.000000 0.000000 0.000000 -1
3 28.777922 -1.998458 0.000000 1.000232 0.999768 -1
3 31.794924 -2.444906 0.000000 0.999768 -0.000232 -1
3 32.243610 -1.363210 0.000000 -0.000232 0.000232 -1
3 29.206688 -0.964795 0.000000 0.000232 1.000232 -1
3 29.206688 -0.964795 0.000000 1.000232 0.999768 -1
3 32.243610 -1.363210 0.000000 0.999768 -0.000232 -1
3 31.800037 -0.279417 0.000000 -0.000232 0.000232 -1
3 28.782810 0.070875 -0.000000 0.000232 1.000232 -1
3 28.777922 -1.998458 0.000000 0.000000 1.000000 -1
3 1.023367 -29.768259 0.000000 1.000000 1.000000 -1
3 1.071759 -33.184948 0.000000 1.000000 0.000000 -1
3 31.794924 -2.444906 0.000000 0.000000 0.000000 -1
3 19.351349 9.596938 -0.000000 0.000000 1.000000 -1
3 28.782810 0.070875 -0.000000 1.000000 1.000000 -1
3 31.800037 -0.279417 0.000000 1.000000 0.000000 -1
3 19.147097 12.819401 -0.000000 0.000000 0.000000 -1
1
-0.000000 -0.000000 1.000000
56
3 0 1 2 0 0 0 1
3 0 2 3 0 0 0 1
3 4 5 6 0 0 0 1
3 4 6 7 0 0 0 1
3 8 9 6 0 0 0 1
3 8 6 10 0 0 0 1
3 11 12 13 0 0 0 1
3 11 13 3 0 0 0 1
3 14 15 16 0 0 0 1
3 14 16 17 0 0 0 1
3 18 19 20 0 0 0 1
3 18 20 21 0 0 0 1
3 22 23 24 0 0 0 1
3 22 24 10 0 0 0 1
3 25 26 27 0 0 0 1
3 25 27 28 0 0 0 1
3 29 30 31 0 0 0 1
3 29 31 32 0 0 0 1
3 33 34 35 0 0 0 1
3 33 35 36 0 0 0 1
3 37 38 13 0 0 0 1
3 37 13 39 0 0 0 1
3 40 41 42 0 0 0 1
3 40 42 43 0 0 0 1
3 44 45 46 0 0 0 1
3 44 46 47 0 0 0 1
3 48 49 50 0 0 0 1
3 48 50 51 0 0 0 1
3 52 53 54 0 0 0 1
3 52 54 7 0 0 0 1
3 55 56 57 0 0 0 1
3 55 57 58 0 0 0 1
3 59 60 61 0 0 0 1
3 59 61 62 0 0 0 1
3 63 64 2 0 0 0 1
3 63 2 65 0 0 0 1
3 66 67 68 0 0 0 1
3 66 68 69 0 0 0 1
3 70 71 72 0 0 0 1
3 70 72 73 0 0 0 1
3 74 75 76 0 0 0 1
3 74 76 77 0 0 0 1
3 78 79 80 0 0 0 1
3 78 80 81 0 0 0 1
3 82 83 84 0 0 0 1
3 82 84 85 0 0 0 1
3 86 87 88 0 0 0 1
3 86 88 89 0 0 0 1
3 90 91 92 0 0 0 1
3 90 92 93 0 0 0 1
3 94 95 96 0 0 0 1
3 94 96 97 0 0 0 1
3 98 99 100 0 0 0 1
3 98 100 101 0 0 0 1
3 102 103 104 0 0 0 1
3 102 104 105 0 0 0 1
"amethyst back" 0 1
25
0 0.000000 -6.000000 0.000000 0.281250 0.500000 -1
0 10.000000 4.000000 -0.000000 0.281250 0.500000 -1
0 0.000000 -1.757360 0.000001 0.130164 0.481917 -1
0 10.000000 30.500000 -0.000004 0.281250 0.500000 -1
0 7.000000 27.500000 -0.000003 0.016004 0.382888 -1
0 -10.000000 4.000000 -0.000000 0.281250 0.500000 -1
0 -7.000000 5.242640 0.000001 0.102693 0.580211 -1
0 -7.000000 27.500000 -0.000003 0.015750 0.579762 -1
0 0.000000 30.500000 -0.000004 0.281250 0.500000 -1
0 -10.000000 30.500000 -0.000004 0.281250 0.500000 -1
0 0.000000 27.500000 -0.000003 0.015877 0.481326 -1
0 25.757359 -1.000000 -0.000000 0.162918 0.224425 -1
0 18.500000 10.500000 -0.000002 0.281250 0.500000 -1
0 18.500000 6.257360 -0.000001 0.099703 0.294042 -1
0 0.000000 -12.242639 0.000001 0.148999 0.473090 -1
0 0.000000 -26.757359 0.000004 0.231552 0.473712 -1
0 0.000000 -31.000000 0.000004 0.000000 1.000000 -1
0 -30.000000 -1.000000 0.000000 0.281250 0.500000 -1
0 -25.757359 -1.000000 -0.000000 0.165064 0.723093 -1
0 -18.500000 10.500000 -0.000002 0.000000 1.000000 -1
0 -18.500000 6.257360 -0.000001 0.101398 0.655140 -1
0 7.000000 5.242640 0.000001 0.102947 0.383338 -1
0 0.000000 -8.000000 0.000002 0.000000 1.000000 -1
0 0.000000 -26.757359 0.000004 0.232057 0.472028 -1
0 30.000000 -1.000000 0.000000 0.281250 0.500000 -1
1
-0.000000 -0.000000 1.000000
24
0 0 1 2 0 0 0 1
0 3 4 1 0 0 0 1
0 0 2 5 0 0 0 1
0 5 6 7 0 0 0 1
0 8 9 7 0 0 0 1
0 8 10 4 0 0 0 1
0 11 12 13 0 0 0 1
0 13 12 14 0 0 0 1
0 11 15 16 0 0 0 1
0 17 16 18 0 0 0 1
0 18 19 17 0 0 0 1
0 20 14 19 0 0 0 1
0 4 3 8 0 0 0 1
0 7 10 8 0 0 0 1
0 7 9 5 0 0 0 1
0 4 21 1 0 0 0 1
0 1 21 2 0 0 0 1
0 2 6 5 0 0 0 1
0 12 22 14 0 0 0 1
0 14 22 19 0 0 0 1
0 19 18 20 0 0 0 1
0 16 23 18 0 0 0 1
0 16 24 11 0 0 0 1
0 12 11 24 0 0 0 1
"default" 0 1
100
0 -7.741809 28.335169 7.471517 0.321729 0.029691 -1
0 -0.143973 29.889660 2.556628 0.321729 0.022738 -1
0 -8.624650 28.917635 5.597998 0.321729 0.029074 -1
0 -0.143973 -29.596674 2.556633 0.281250 0.500000 -1
0 -0.143973 -30.316202 0.000002 0.281250 0.500000 -1
0 29.472946 -0.699284 0.000000 0.281250 0.500000 -1
0 28.753418 -0.699284 2.556629 0.281250 0.500000 -1
0 18.119793 9.934340 2.556628 0.281250 0.500000 -1
0 18.119793 10.653868 -0.000001 0.281250 0.500000 -1
0 -0.143973 -7.609898 0.000001 0.281250 0.500000 -1
0 -0.143973 -8.329426 2.556631 0.281250 0.500000 -1
0 -18.407738 10.653868 -0.000001 0.281250 0.500000 -1
0 -18.407738 9.934340 2.556628 0.281250 0.500000 -1
0 -29.041363 -0.699284 2.556629 0.281250 0.500000 -1
0 -29.760891 -0.699284 0.000000 0.281250 0.500000 -1
0 -7.741809 5.180540 7.471515 0.895699 0.514685 -1
0 -9.507495 4.447614 2.556600 0.911989 0.576540 -1
0 -0.143973 -4.915908 2.556630 0.601646 0.659992 -1
0 -9.507495 4.447614 2.556600 0.281250 0.500000 -1
0 -0.143973 -5.635437 0.000000 0.281250 0.500000 -1
0 -0.143973 -4.915908 2.556630 0.281250 0.500000 -1
0 -9.507501 29.889664 2.556625 0.281250 0.500000 -1
0 -10.016279 30.398479 -0.000002 0.281250 0.500000 -1
0 -10.016279 4.236869 -0.000000 0.281250 0.500000 -1
0 9.219548 4.447614 2.556629 0.281250 0.500000 -1
0 9.728333 4.236869 -0.000000 0.281250 0.500000 -1
0 9.728333 30.398479 -0.000002 0.281250 0.500000 -1
0 9.219547 29.889696 2.556628 0.281250 0.500000 -1
0 -0.143973 -4.915908 2.556630 0.622625 0.659992 -1
0 9.219548 4.447614 2.556629 0.625666 0.590633 -1
0 7.453862 5.180540 7.471515 0.625120 0.527033 -1
0 -0.143973 -2.413540 7.471519 0.600853 0.583285 -1
0 -0.143973 -2.413540 7.471519 0.622653 0.583285 -1
0 9.219547 29.889696 2.556628 0.361023 0.348080 -1
0 8.336703 28.917635 5.597988 0.396751 0.319979 -1
0 7.453862 5.180540 7.471515 0.628897 0.527033 -1
0 28.753418 -0.699284 2.556629 0.343545 0.531146 -1
0 18.119793 9.934340 2.556628 0.447988 0.281418 -1
0 18.119793 7.431973 7.471515 0.463087 0.371939 -1
0 -18.407738 7.431973 7.471515 0.971171 0.366485 -1
0 -18.407738 9.934340 2.556628 0.971795 0.276297 -1
0 -29.041363 -0.699284 2.556629 0.975847 0.528256 -1
0 -26.538998 -0.699283 7.471516 0.973150 0.513332 -1
0 -0.143973 -27.094307 7.471519 0.659055 0.826139 -1
0 -0.143973 -29.596674 2.556633 0.658729 0.911216 -1
0 -26.538998 -0.699283 7.471516 0.908550 0.523048 -1
0 -29.041363 -0.699284 2.556629 0.976797 0.537973 -1
0 26.251049 -0.699283 7.471516 0.411901 0.517694 -1
0 -0.143973 -8.329426 2.556631 0.626068 0.497056 -1
0 -18.407738 9.934340 2.556628 0.621558 0.295730 -1
0 -18.407738 7.431973 7.471515 0.621891 0.385918 -1
0 -0.143973 -10.831793 7.471518 0.626076 0.591315 -1
0 18.119793 7.431973 7.471515 0.951332 0.357364 -1
0 18.119793 9.934340 2.556628 0.936233 0.266843 -1
0 -0.143973 -8.329426 2.556631 0.626345 0.487339 -1
0 -0.143973 -10.831793 7.471518 0.625984 0.581598 -1
0 -0.143973 -10.831793 7.471518 0.148999 0.473090 -1
0 -0.143973 -27.094307 7.471519 0.231552 0.473712 -1
0 18.119793 7.431973 7.471515 0.099703 0.294042 -1
0 -18.407738 7.431973 7.471515 0.101398 0.655140 -1
0 -0.143973 -27.094307 7.471519 0.232057 0.472028 -1
0 -0.143973 -10.831793 7.471518 0.149515 0.474814 -1
0 -26.538998 -0.699283 7.471516 0.165064 0.723093 -1
0 -0.143973 -2.413540 7.471519 0.130164 0.481917 -1
0 -7.741809 28.335169 7.471517 0.015750 0.579762 -1
0 -7.741809 5.180540 7.471515 0.102693 0.580211 -1
0 26.251049 -0.699283 7.471516 0.162918 0.224425 -1
0 7.453862 28.335169 7.471517 0.321729 0.029818 -1
0 -0.143973 29.889660 2.556628 0.321729 0.034489 -1
0 5.340158 27.616308 7.471517 0.321729 0.033786 -1
0 -5.628104 27.616308 7.471517 0.321729 0.046089 -1
0 -0.143973 29.889660 2.556628 0.321729 0.031478 -1
0 -7.741809 28.335169 7.471517 0.321729 0.045083 -1
0 1.830488 26.745724 7.471517 0.321729 0.043518 -1
0 -0.143973 29.889660 2.556628 0.321729 0.041192 -1
0 -0.143973 26.548279 7.471517 0.321729 0.045659 -1
0 -0.143973 29.889660 2.556628 0.321729 0.037461 -1
0 -2.118434 26.745726 7.471517 0.321729 0.046089 -1
0 8.336703 28.917635 5.597988 0.321729 0.028458 -1
0 9.219547 29.889696 2.556628 0.321729 0.024672 -1
0 -7.741809 28.335169 7.471517 0.793030 0.298944 -1
0 -8.624650 28.917635 5.597998 0.803279 0.311929 -1
0 -7.741809 5.180540 7.471515 0.788827 0.519543 -1
0 -0.143973 26.548279 7.471517 0.021730 0.481356 -1
0 -2.118434 26.745726 7.471517 0.015826 0.520920 -1
0 -0.143973 29.889660 2.556628 0.281250 0.500000 -1
0 -0.143973 30.398479 -0.000002 0.281250 0.500000 -1
0 7.453862 5.180540 7.471515 0.102947 0.383338 -1
0 7.453862 28.335169 7.471517 0.016004 0.382888 -1
0 -0.143973 29.889660 2.556628 0.321729 0.025156 -1
0 7.453862 28.335169 7.471517 0.321729 0.029138 -1
0 -9.507501 29.889664 2.556625 0.813528 0.324914 -1
0 -9.507495 4.447614 2.556600 0.805117 0.581398 -1
0 7.453862 28.335169 7.471517 0.015979 0.402502 -1
0 5.340158 27.616308 7.471517 0.015954 0.422117 -1
0 -9.507501 29.889664 2.556625 0.321729 0.028458 -1
0 9.219548 4.447614 2.556629 0.602072 0.590633 -1
0 7.453862 28.335169 7.471517 0.404680 0.314296 -1
0 -5.628104 27.616308 7.471517 0.015801 0.540534 -1
0 1.830488 26.745724 7.471517 0.015903 0.461345 -1
36
-0.393900 0.503100 0.769300
-0.000000 0.937900 0.346900
-0.655500 0.621100 0.429700
-0.000000 -0.936900 0.349500
-0.000000 -0.962600 0.270900
0.962600 -0.000000 0.270900
0.936900 -0.000000 0.349500
-0.000000 0.936900 0.349500
-0.000000 0.962600 0.270900
-0.000000 0.924900 0.380300
-0.936900 -0.000000 0.349500
-0.962600 -0.000000 0.270900
-0.599700 -0.248700 0.760600
-0.886300 -0.367200 0.282200
-0.000000 -0.937000 0.349500
-0.667600 0.668600 0.327400
-0.680700 0.680600 0.270900
-0.903200 -0.374100 0.210600
0.886300 -0.367200 0.282200
0.903200 -0.374100 0.210600
0.680700 0.680700 0.270900
0.667600 0.668600 0.327400
0.599700 -0.248700 0.760600
-0.000000 -0.665000 0.746900
0.655500 0.621100 0.429700
-0.000000 0.665000 0.746900
-0.665000 -0.000000 0.746900
0.665000 -0.000000 0.746900
-0.000000 0.287500 0.957800
0.393900 0.503100 0.769300
-0.128900 0.412900 0.901600
0.128900 0.412900 0.901600
-0.080600 0.439000 0.894900
-0.000000 0.446100 0.895000
0.080600 0.439000 0.894900
-0.000000 0.980800 0.195200
68
0 0 1 2 0 1 2 1
0 3 4 5 3 4 5 1
0 3 5 6 3 5 6 1
0 7 8 9 7 8 8 1
0 10 9 11 9 8 8 1
0 10 11 12 9 8 7 1
0 6 5 8 6 5 8 1
0 6 8 7 6 8 7 1
0 13 4 3 10 4 3 1
0 12 11 14 7 8 11 1
0 12 14 13 7 11 10 1
0 13 14 4 10 11 4 1
0 7 9 10 7 8 9 1
0 15 16 17 12 13 14 1
0 18 19 20 13 4 14 1
0 21 22 23 15 16 17 1
0 21 23 18 15 17 13 1
0 18 23 19 13 17 4 1
0 24 25 26 18 19 20 1
0 24 26 27 18 20 21 1
0 20 19 25 14 4 19 1
0 20 25 24 14 19 18 1
0 28 29 30 14 18 22 1
0 15 17 31 12 14 23 1
0 32 28 30 23 14 22 1
0 33 34 35 21 24 22 1
0 36 37 38 6 7 25 1
0 39 40 41 25 7 10 1
0 39 41 42 25 10 26 1
0 43 44 36 23 3 6 1
0 45 46 43 26 10 23 1
0 47 36 38 27 6 25 1
0 48 49 50 9 7 25 1
0 51 48 50 28 9 25 1
0 46 44 43 10 3 23 1
0 52 53 54 25 7 9 1
0 52 54 55 25 9 28 1
0 43 36 47 23 6 27 1
0 56 57 58 28 23 25 1
0 59 60 61 25 23 28 1
0 59 62 60 25 26 23 1
0 63 64 65 23 0 12 1
0 57 66 58 23 27 25 1
0 67 68 69 29 1 30 1
0 70 71 72 31 1 0 1
0 73 74 75 32 1 33 1
0 75 76 77 33 1 34 1
0 78 79 1 24 21 1 1
0 69 68 73 30 1 32 1
0 70 77 76 31 34 1 1
0 80 81 82 0 2 12 1
0 63 83 84 23 33 34 1
0 27 26 85 21 20 1 1
0 26 86 85 20 35 1 1
0 85 22 21 1 16 15 1
0 85 86 22 1 35 16 1
0 87 88 63 22 29 23 1
0 78 89 90 24 1 29 1
0 82 91 92 12 15 13 1
0 93 94 63 29 30 23 1
0 2 1 95 2 1 15 1
0 35 96 33 22 18 21 1
0 82 81 91 12 2 15 1
0 35 34 97 22 24 29 1
0 84 98 63 34 31 23 1
0 98 64 63 31 0 23 1
0 63 99 83 23 32 33 1
0 63 94 99 23 30 32 1
"ornate" 0 2
14
0 -0.143973 -10.750351 7.558219 0.497362 0.679656 -1
0 -0.143973 -26.893757 7.558221 0.494413 0.916501 -1
0 17.986027 7.379650 7.558217 0.781109 0.395774 -1
0 -18.273975 7.379650 7.558217 0.209750 0.390314 -1
0 -26.345676 -0.692053 7.558217 0.087989 0.510060 -1
0 -0.143973 -2.393754 7.558217 0.494774 0.527798 -1
0 -7.686161 28.129747 7.558218 0.381400 0.049985 -1
0 -7.682435 5.144707 7.558219 0.382223 0.416252 -1
0 7.402027 5.144707 7.558217 0.607325 0.416252 -1
0 7.402027 28.129747 7.558218 0.609232 0.049985 -1
0 26.057728 -0.692053 7.558217 0.900855 0.517536 -1
0 -0.143973 26.355947 7.558218 0.495343 0.075999 -1
0 -2.103973 26.551947 7.558218 0.466205 0.073093 -1
0 1.816027 26.551947 7.558218 0.524482 0.073093 -1
1
-0.000000 -0.000000 1.000000
10
0 0 1 2 0 0 0 1
0 3 1 0 0 0 0 1
0 3 4 1 0 0 0 1
0 5 6 7 0 0 0 1
0 8 9 5 0 0 0 1
0 1 10 2 0 0 0 1
0 5 11 12 0 0 0 1
0 5 12 6 0 0 0 1
0 9 13 11 0 0 0 1
0 9 11 5 0 0 0 1
"shine" 0 3
18
0 -0.022612 -11.856030 7.600002 0.525826 0.389869 -1
0 -0.022612 -26.496466 7.600004 0.526648 0.315299 -1
0 18.637621 6.804203 7.599999 0.256194 0.482157 -1
0 -18.682844 6.804203 7.599999 0.784641 0.477893 -1
0 -0.022612 -26.496466 7.600004 0.526993 0.314922 -1
0 -0.022612 -11.856030 7.600002 0.525772 0.389764 -1
0 -18.682844 6.804203 7.599999 0.782812 0.476777 -1
0 -26.003059 -0.516015 7.600000 0.840359 0.439656 -1
0 -0.022612 -26.496466 7.600004 0.526333 0.314769 -1
0 -0.022612 -1.990484 7.600000 0.527457 0.432746 -1
0 0.000000 26.433653 7.599998 0.530322 0.660955 -1
0 -7.390796 28.170797 7.599998 0.661100 0.660526 -1
0 -7.390765 5.070144 7.599999 0.658722 0.491237 -1
0 7.390765 5.070144 7.599999 0.399945 0.490703 -1
0 7.390765 28.170916 7.599998 0.404326 0.661590 -1
0 -0.022612 -26.496466 7.600004 0.526171 0.314880 -1
0 25.957836 -0.516015 7.600000 0.216025 0.448815 -1
0 18.637621 6.804203 7.599999 0.255969 0.482129 -1
1
-0.000000 -0.000000 1.000000
8
0 0 1 2 0 0 0 1
0 3 4 5 0 0 0 1
0 6 7 8 0 0 0 1
0 9 10 11 0 0 0 1
0 9 11 12 0 0 0 1
0 13 14 9 0 0 0 1
0 15 16 17 0 0 0 1
0 14 10 9 0 0 0 1

Materials: 4
"outline"
1.000000 1.000000 1.000000 1.000000
0.800000 0.800000 0.800000 1.000000
0.500000 0.500000 0.500000 1.000000
0.000000 0.000000 0.000000 1.000000
0.192000
1.000000
"border_of_life.png"
""
"default"
1.000000 1.000000 1.000000 1
0 0 0 1
0.500000 0.500000 0.500000 1
0.000000 0.000000 0.000000 1
0.999999
1.000000
"texcher_4th.png"
""
"ornate"
1.000000 1.000000 1.000000 0.000000
0.800000 0.800000 0.800000 0.000000
0.500000 0.500000 0.500000 0.000000
0.000000 0.000000 0.000000 0.000000
0.192000
1.000000
"ornate_4th.png"
""
"shine"
1.000000 1.000000 1.000000 1.000000
0.800000 0.800000 0.800000 1.000000
0.500000 0.500000 0.500000 1.000000
0.000000 0.000000 0.000000 1.000000
0.192000
1.000000
"shine_4th.png"
""

Bones: 0
GroupComments: 0
MaterialComments: 0
BoneComments: 0
ModelComment: 0
