// MilkShape 3D ASCII

Frames: 30
Frame: 1

Meshes: 2
"inner" 0 0
33
0 -6.940363 -2.874240 -0.614723 0.581573 0.129362 -1
0 -6.213155 -4.222158 -0.614722 0.619630 0.124386 -1
0 0.000000 -0.000000 -0.614723 0.500421 0.081878 -1
0 -2.874240 -6.940363 -0.614722 0.696377 0.101542 -1
0 -1.407127 -7.379019 -0.614722 0.708762 0.091505 -1
0 2.874240 -6.940363 -0.614722 0.696377 0.062213 -1
0 4.222158 -6.213155 -0.614722 0.675845 0.052991 -1
0 6.940363 -2.874240 -0.614723 0.581573 0.034394 -1
0 7.379019 -1.407127 -0.614723 0.540150 0.031393 -1
0 6.940363 2.874240 -0.614723 0.419269 0.034394 -1
0 6.213155 4.222158 -0.614723 0.381212 0.039369 -1
0 2.874240 6.940363 -0.614724 0.304465 0.062213 -1
0 1.407127 7.379019 -0.614724 0.292080 0.072251 -1
0 -2.874240 6.940363 -0.614724 0.304465 0.101542 -1
0 -4.222158 6.213155 -0.614724 0.324997 0.110764 -1
0 -6.940363 2.874240 -0.614723 0.419269 0.129362 -1
0 -7.379019 1.407127 -0.614723 0.460692 0.132363 -1
0 -5.311775 -5.311775 -0.614722 0.650395 0.118219 -1
0 -7.511984 -0.000000 -0.614723 0.500421 0.133272 -1
0 -7.379019 -1.407127 -0.614723 0.540150 0.132363 -1
0 -0.000000 -7.511984 -0.614722 0.712516 0.081878 -1
0 -4.222158 -6.213155 -0.614722 0.675845 0.110764 -1
0 5.311775 -5.311775 -0.614722 0.650395 0.045536 -1
0 1.407127 -7.379019 -0.614722 0.708762 0.072251 -1
0 7.511984 -0.000000 -0.614723 0.500421 0.030483 -1
0 6.213155 -4.222158 -0.614722 0.619630 0.039369 -1
0 5.311775 5.311775 -0.614723 0.350447 0.045536 -1
0 7.379019 1.407127 -0.614723 0.460692 0.031393 -1
0 -0.000000 7.511984 -0.614724 0.288326 0.081878 -1
0 4.222158 6.213155 -0.614724 0.324997 0.052991 -1
0 -5.311775 5.311775 -0.614723 0.350447 0.118219 -1
0 -1.407127 7.379019 -0.614724 0.292080 0.091505 -1
0 -6.213155 4.222158 -0.614723 0.381212 0.124386 -1
1
-0.000000 -0.000000 1.000000
32
0 0 1 2 0 0 0 1
0 3 4 2 0 0 0 1
0 5 6 2 0 0 0 1
0 7 8 2 0 0 0 1
0 9 10 2 0 0 0 1
0 11 12 2 0 0 0 1
0 13 14 2 0 0 0 1
0 15 16 2 0 0 0 1
0 17 2 1 0 0 0 1
0 2 18 19 0 0 0 1
0 0 2 19 0 0 0 1
0 20 2 4 0 0 0 1
0 2 17 21 0 0 0 1
0 3 2 21 0 0 0 1
0 22 2 6 0 0 0 1
0 2 20 23 0 0 0 1
0 5 2 23 0 0 0 1
0 24 2 8 0 0 0 1
0 2 22 25 0 0 0 1
0 7 2 25 0 0 0 1
0 26 2 10 0 0 0 1
0 2 24 27 0 0 0 1
0 9 2 27 0 0 0 1
0 28 2 12 0 0 0 1
0 2 26 29 0 0 0 1
0 11 2 29 0 0 0 1
0 30 2 14 0 0 0 1
0 2 28 31 0 0 0 1
0 13 2 31 0 0 0 1
0 18 2 16 0 0 0 1
0 2 30 32 0 0 0 1
0 15 2 32 0 0 0 1
"ornate" 0 1
49
0 0.000000 -0.000000 -0.551076 0.498609 0.502086 -1
0 -3.807847 -0.000000 -0.551076 0.432969 0.502015 -1
0 -3.518090 -1.456961 -0.551075 0.437936 0.527135 -1
0 -2.692554 -2.692554 -0.551075 0.452144 0.548450 -1
0 -1.456961 -3.518090 -0.551075 0.473427 0.562704 -1
0 0.000000 -3.807847 -0.551075 0.498537 0.567727 -1
0 1.456961 -3.518090 -0.551075 0.523658 0.562759 -1
0 2.692554 -2.692554 -0.551075 0.544973 0.548552 -1
0 3.518090 -1.456961 -0.551075 0.559227 0.527268 -1
0 3.807847 -0.000000 -0.551076 0.564249 0.502158 -1
0 3.518090 1.456961 -0.551076 0.559282 0.477037 -1
0 2.692554 2.692554 -0.551076 0.545074 0.455723 -1
0 1.456961 3.518090 -0.551076 0.523791 0.441469 -1
0 0.000000 3.807847 -0.551076 0.498681 0.436446 -1
0 -1.456961 3.518090 -0.551076 0.473560 0.441414 -1
0 -2.692554 2.692554 -0.551076 0.452245 0.455621 -1
0 -7.397647 1.471222 -0.551076 0.371115 0.476586 -1
0 -7.542524 -0.000000 -0.551076 0.368590 0.501944 -1
0 -3.518090 1.456961 -0.551076 0.437991 0.476905 -1
0 -6.968580 2.885926 -0.551076 0.378538 0.452207 -1
0 -4.190189 -6.271523 -0.551075 0.426260 0.610117 -1
0 -2.885926 -6.968580 -0.551075 0.448730 0.622157 -1
0 -5.333370 -5.333370 -0.551075 0.406571 0.593923 -1
0 1.471222 -7.397647 -0.551075 0.523831 0.629636 -1
0 2.885926 -6.968580 -0.551075 0.548226 0.622266 -1
0 0.000000 -7.542524 -0.551075 0.498467 0.632106 -1
0 6.271523 -4.190189 -0.551075 0.606639 0.574436 -1
0 6.968580 -2.885926 -0.551075 0.618680 0.551966 -1
0 5.333370 -5.333370 -0.551075 0.590446 0.594124 -1
0 7.397647 1.471222 -0.551076 0.626159 0.476865 -1
0 6.968580 2.885926 -0.551076 0.618789 0.452470 -1
0 7.542524 -0.000000 -0.551076 0.628628 0.502229 -1
0 4.190189 6.271523 -0.551076 0.570958 0.394056 -1
0 2.885926 6.968580 -0.551076 0.548489 0.382015 -1
0 5.333370 5.333370 -0.551076 0.590647 0.410250 -1
0 -1.471222 7.397647 -0.551076 0.473387 0.374537 -1
0 -2.885926 6.968580 -0.551076 0.448992 0.381907 -1
0 0.000000 7.542524 -0.551076 0.498751 0.372067 -1
0 -6.271523 4.190189 -0.551076 0.390579 0.429737 -1
0 -5.333370 5.333370 -0.551076 0.406772 0.410048 -1
0 -4.190189 6.271523 -0.551076 0.426496 0.393898 -1
0 1.471222 7.397647 -0.551076 0.524110 0.374593 -1
0 6.271523 4.190189 -0.551076 0.606798 0.429974 -1
0 7.397647 -1.471222 -0.551075 0.626103 0.527587 -1
0 4.190189 -6.271523 -0.551075 0.570722 0.610275 -1
0 -1.471222 -7.397647 -0.551075 0.473108 0.629580 -1
0 -6.271523 -4.190189 -0.551075 0.390421 0.574199 -1
0 -6.968580 -2.885926 -0.551075 0.378429 0.551703 -1
0 -7.397647 -1.471222 -0.551075 0.371060 0.527308 -1
1
-0.000000 -0.000000 1.000000
64
0 0 1 2 0 0 0 1
0 0 2 3 0 0 0 1
0 0 4 5 0 0 0 1
0 0 6 7 0 0 0 1
0 0 8 9 0 0 0 1
0 0 10 11 0 0 0 1
0 0 12 13 0 0 0 1
0 0 14 15 0 0 0 1
0 1 16 17 0 0 0 1
0 0 15 18 0 0 0 1
0 0 13 14 0 0 0 1
0 0 11 12 0 0 0 1
0 0 9 10 0 0 0 1
0 0 7 8 0 0 0 1
0 0 5 6 0 0 0 1
0 0 3 4 0 0 0 1
0 0 18 1 0 0 0 1
0 1 18 16 0 0 0 1
0 18 19 16 0 0 0 1
0 4 20 21 0 0 0 1
0 4 3 20 0 0 0 1
0 3 22 20 0 0 0 1
0 6 23 24 0 0 0 1
0 6 5 23 0 0 0 1
0 5 25 23 0 0 0 1
0 8 26 27 0 0 0 1
0 8 7 26 0 0 0 1
0 7 28 26 0 0 0 1
0 10 29 30 0 0 0 1
0 10 9 29 0 0 0 1
0 9 31 29 0 0 0 1
0 12 32 33 0 0 0 1
0 12 11 32 0 0 0 1
0 11 34 32 0 0 0 1
0 14 35 36 0 0 0 1
0 14 13 35 0 0 0 1
0 13 37 35 0 0 0 1
0 18 38 19 0 0 0 1
0 18 15 38 0 0 0 1
0 15 39 38 0 0 0 1
0 15 40 39 0 0 0 1
0 15 14 40 0 0 0 1
0 14 36 40 0 0 0 1
0 13 41 37 0 0 0 1
0 13 12 41 0 0 0 1
0 12 33 41 0 0 0 1
0 11 42 34 0 0 0 1
0 11 10 42 0 0 0 1
0 10 30 42 0 0 0 1
0 9 43 31 0 0 0 1
0 9 8 43 0 0 0 1
0 8 27 43 0 0 0 1
0 7 44 28 0 0 0 1
0 7 6 44 0 0 0 1
0 6 24 44 0 0 0 1
0 5 45 25 0 0 0 1
0 5 4 45 0 0 0 1
0 4 21 45 0 0 0 1
0 3 46 22 0 0 0 1
0 3 2 46 0 0 0 1
0 2 47 46 0 0 0 1
0 2 48 47 0 0 0 1
0 2 1 48 0 0 0 1
0 1 17 48 0 0 0 1

Materials: 2
"default"
1.000000 1.000000 1.000000 1.000000
0.800000 0.800000 0.800000 1.000000
0.000000 0.000000 0.000000 1.000000
0.000000 0.000000 0.000000 1.000000
0.192000
1.000000
"_mine tex.png"
""
"ornate"
0.000000 0.000000 0.000000 1.000000
1.000000 1.000000 1.000000 1.000000
1.000000 1.000000 1.000000 1.000000
0.000000 0.000000 0.000000 1.000000
0.000000
1.000000
"_mine ornate.png"
""

Bones: 1
"joint1"
""
0 0 0 0 0 0 0
2
1.000000 0.000000 0.000000 0.000000
60.000000 0.000000 0.000000 0.000000
3
1.000000 0.000000 0.000000 0.000000
30.000000 0.000000 0.000000 -3.1
60.000000 0.000000 0.000000 -6.2

GroupComments: 0
MaterialComments: 0
BoneComments: 0
ModelComment: 0
