// MilkShape 3D ASCII

Frames: 30
Frame: 1

Meshes: 2
"InkblackArrowMesh BorderOfLife" 0 0
85
0 -10.000000 4.000000 0.000000 0.500000 1.001423 -1
0 -11.910000 3.834810 0.000301 0.000000 1.000000 -1
0 0.000000 -5.686500 0.000000 1.000000 1.001423 -1
0 11.910300 3.946955 0.000301 1.000000 1.000000 -1
0 10.000000 4.000000 -0.000000 0.500000 1.000675 -1
0 0.000000 -5.686500 0.000000 0.000000 1.000675 -1
0 -10.000000 30.500000 0.000000 0.999451 1.000549 -1
0 -11.108700 32.821732 0.000297 1.000549 0.000549 -1
0 -11.732900 32.563202 0.000297 0.000549 -0.000549 -1
0 -11.732900 32.563202 0.000297 1.000549 0.000549 -1
0 -11.910000 31.939049 0.000297 0.000549 -0.000549 -1
0 -10.000000 30.500000 0.000000 1.000000 1.000000 -1
0 -11.910000 6.948467 0.000300 0.000000 0.000000 -1
0 -10.000000 4.000000 0.000000 0.000000 1.000000 -1
0 -10.000000 30.500000 0.000000 0.000000 1.000000 -1
0 0.000000 32.821732 0.000297 1.000000 0.000000 -1
0 -11.108700 32.821732 0.000297 0.000000 0.000000 -1
0 11.108700 32.821732 0.000297 0.001833 -0.001826 -1
0 10.000000 30.500000 0.000000 0.998167 1.001826 -1
0 11.732900 32.530594 0.000297 1.001826 0.001833 -1
0 11.732900 32.530594 0.000297 0.001833 -0.001826 -1
0 11.910300 31.939068 0.000297 1.001826 0.001833 -1
0 10.000000 30.500000 0.000000 0.000000 1.000000 -1
0 11.910300 6.948467 0.000300 1.000000 0.000000 -1
0 11.910300 31.939068 0.000297 0.000000 0.000000 -1
0 10.000000 30.500000 0.000000 1.000000 1.000000 -1
0 0.000000 32.821732 0.000297 0.000000 0.000000 -1
0 0.000000 30.500999 0.000297 0.000000 1.000000 -1
0 17.947258 12.743288 0.000300 0.001833 -0.001826 -1
0 18.500000 10.500000 -0.000000 0.998167 1.001826 -1
0 18.597483 13.018636 0.000300 1.001826 0.001833 -1
0 18.597483 13.018636 0.000300 0.001833 -0.001826 -1
0 19.249088 12.746581 0.000300 1.001826 0.001833 -1
0 -19.012512 12.777781 0.000300 0.001833 -0.001826 -1
0 -18.500000 10.500000 -0.000000 0.998167 1.001826 -1
0 -18.391764 13.036960 0.000300 1.001826 0.001833 -1
0 -18.391764 13.036960 0.000300 0.001833 -0.001826 -1
0 -17.772326 12.774653 0.000300 1.001826 0.001833 -1
0 11.910300 3.946955 0.000301 0.000000 1.000000 -1
0 18.500000 10.500000 -0.000000 1.000000 1.000000 -1
0 17.947258 12.743288 0.000300 1.000000 0.000000 -1
0 -31.565107 -1.896940 0.000302 0.001833 -0.001826 -1
0 -30.000000 -1.000000 0.000000 0.998167 1.001826 -1
0 -31.933283 -1.000581 0.000302 1.001826 0.001833 -1
0 -31.933283 -1.000581 0.000302 0.001833 -0.001826 -1
0 -31.569300 -0.102479 0.000301 1.001826 0.001833 -1
0 -18.500000 10.500000 -0.000000 1.000000 1.000000 -1
0 -31.569300 -0.102479 0.000301 0.000000 0.000000 -1
0 -30.000000 -1.000000 0.000000 0.000000 1.000000 -1
0 0.000000 -31.000000 0.000000 0.999451 1.000549 -1
0 -1.070701 -33.184944 0.000307 1.000549 0.000549 -1
0 0.000000 -33.628799 0.000307 0.000549 -0.000549 -1
0 0.000000 -33.628799 0.000307 1.000549 0.000549 -1
0 1.071122 -33.184948 0.000307 0.000549 -0.000549 -1
0 0.000000 -31.000000 0.000000 0.000000 1.000000 -1
0 -31.565107 -1.896940 0.000302 1.000000 0.000000 -1
0 -1.070701 -33.184944 0.000307 0.000000 0.000000 -1
0 30.000000 -1.000000 0.000000 1.000232 0.999768 -1
0 31.539093 -2.082395 0.000302 0.999768 -0.000232 -1
0 31.983402 -1.000700 0.000302 -0.000232 0.000232 -1
0 31.983402 -1.000700 0.000302 0.999768 -0.000232 -1
0 31.544153 0.083094 0.000302 -0.000232 0.000232 -1
0 0.000000 -31.000000 0.000000 1.000000 1.000000 -1
0 31.539093 -2.082395 0.000302 0.000000 0.000000 -1
0 30.000000 -1.000000 0.000000 0.000000 1.000000 -1
0 18.500000 10.500000 -0.000000 0.000000 1.000000 -1
0 31.544153 0.083094 0.000302 1.000000 0.000000 -1
0 19.249088 12.746581 0.000300 0.000000 0.000000 -1
0 -11.910000 6.948467 0.000300 0.000000 1.001423 -1
0 0.000000 -8.000000 -0.000737 1.000000 1.000000 -1
0 0.000000 -8.000000 -0.000737 0.000000 1.000000 -1
0 11.910300 6.948467 0.000300 1.000000 1.000675 -1
0 -11.910000 31.939049 0.000297 1.000000 0.000000 -1
0 0.000000 30.500999 0.000297 1.000000 1.000000 -1
0 10.000000 4.000000 -0.000000 1.000000 1.000000 -1
0 11.108700 32.821732 0.000297 1.000000 0.000000 -1
0 11.910300 6.948467 0.000300 0.000000 0.000000 -1
0 -11.910000 6.948467 0.000300 1.000000 0.000000 -1
0 -17.772326 12.774653 0.000300 0.000000 0.000000 -1
0 -11.910000 3.834810 0.000301 1.000000 1.000000 -1
0 -19.012512 12.777781 0.000300 1.000000 0.000000 -1
0 -30.000000 -1.000000 0.000000 1.000000 1.000000 -1
0 1.071122 -33.184948 0.000307 1.000000 0.000000 -1
0 30.000000 -1.000000 0.000000 1.000000 1.000000 -1
0 -18.500000 10.500000 -0.000000 0.000000 1.000000 -1
13
0.000100 0.000100 1.000000
0.000100 -0.000000 1.000000
-0.000000 -0.000300 1.000000
-0.000100 -0.000000 1.000000
-0.000200 0.000100 1.000000
0.000100 -0.000100 1.000000
-0.000000 -0.000100 1.000000
-0.000000 -0.000000 1.000000
-0.000100 -0.000100 1.000000
0.000200 -0.000000 1.000000
-0.000000 0.000100 1.000000
-0.000100 0.000100 1.000000
-0.000200 -0.000000 1.000000
40
0 0 1 2 0 1 2 1
0 3 4 5 3 4 2 1
0 6 7 8 5 6 5 1
0 6 9 10 5 5 1 1
0 11 12 13 5 1 0 1
0 14 15 16 5 7 6 1
0 17 18 19 6 8 8 1
0 20 18 21 8 8 3 1
0 22 23 24 8 3 3 1
0 25 26 27 8 7 7 1
0 28 29 30 5 6 6 1
0 31 29 32 6 6 8 1
0 33 34 35 5 6 6 1
0 36 34 37 6 6 8 1
0 38 39 40 3 6 5 1
0 41 42 43 0 1 9 1
0 44 42 45 9 1 5 1
0 46 47 48 6 5 1 1
0 49 50 51 10 0 10 1
0 49 52 53 10 10 11 1
0 54 55 56 10 0 0 1
0 57 58 59 3 11 12 1
0 57 60 61 3 12 8 1
0 62 63 64 10 11 3 1
0 65 66 67 6 8 8 1
0 68 1 0 1 1 0 1
0 1 69 2 1 2 2 1
0 5 70 3 2 2 3 1
0 3 71 4 3 3 4 1
0 11 72 12 5 1 1 1
0 14 73 15 5 7 7 1
0 22 74 23 8 4 3 1
0 25 75 26 8 6 7 1
0 76 38 40 3 3 5 1
0 77 78 79 1 8 1 1
0 46 80 47 6 5 5 1
0 54 81 55 10 1 0 1
0 62 82 63 10 11 11 1
0 65 83 66 6 3 8 1
0 78 84 79 8 6 1 1
"default" 0 1
39
0 -5.640434 25.903669 7.455309 0.526768 0.000000 -1
0 5.640434 25.903669 7.455309 0.583395 0.000000 -1
0 -10.000000 30.500000 0.000000 0.492770 0.000000 -1
0 5.640434 6.121010 7.455311 0.585762 0.000000 -1
0 10.000000 30.500000 0.000000 0.620259 0.000000 -1
0 -5.640434 6.121010 7.455311 0.518624 0.000000 -1
0 -10.000000 4.000000 0.000000 0.482159 0.000000 -1
0 0.000000 1.038937 7.455311 0.551625 0.000000 -1
0 0.000000 -5.686500 0.000000 0.550709 0.000000 -1
0 10.000000 4.000000 0.000000 0.621637 0.000000 -1
0 24.249001 -1.285070 7.455311 0.698498 0.000000 -1
0 0.000000 -31.000000 0.000000 0.510439 0.000000 -1
0 30.000000 -1.000000 0.000000 0.728253 0.000000 -1
0 -0.000000 -14.491851 7.455312 0.571578 0.000000 -1
0 18.436001 4.527680 7.455311 0.704890 0.000000 -1
0 18.500000 10.500000 -0.000000 0.735017 0.000000 -1
0 -0.000000 -24.845680 7.455313 0.583706 0.000000 -1
0 -24.248974 -1.285070 7.455311 0.420970 0.000000 -1
0 0.000000 -31.000000 0.000000 0.609775 0.000000 -1
0 -18.436222 4.527680 7.455311 0.421610 0.000000 -1
0 -0.000000 -14.491851 7.455312 0.551146 0.000000 -1
0 -18.500000 10.500000 -0.000000 0.389125 0.000000 -1
0 -30.000000 -1.000000 0.000000 0.392491 0.000000 -1
0 0.000000 -8.000000 0.000000 0.527968 0.000000 -1
0 0.000000 -8.000000 0.000000 0.595554 0.000000 -1
0 -0.000000 -24.845680 7.455313 0.537611 0.000000 -1
0 5.640434 25.903669 7.455309 0.086875 0.000000 -1
0 -5.640434 25.903669 7.455309 0.148226 0.000000 -1
0 0.000000 1.038937 7.455311 0.117538 0.000000 -1
0 5.640434 6.121010 7.455311 0.086810 0.000000 -1
0 -5.640434 6.121010 7.455311 0.148160 0.000000 -1
0 24.249001 -1.285070 7.455311 0.187803 0.000000 -1
0 18.436001 4.527680 7.455311 0.137858 0.000000 -1
0 -0.000000 -24.845680 7.455313 0.188584 0.000000 -1
0 -0.000000 -24.845680 7.455313 0.042478 0.000000 -1
0 -0.000000 -14.491851 7.455312 0.090747 0.000000 -1
0 -18.436222 4.527680 7.455311 0.093121 0.000000 -1
0 -0.000000 -14.491851 7.455312 0.139817 0.000000 -1
0 -24.248974 -1.285070 7.455311 0.046938 0.000000 -1
19
-0.000000 0.851200 0.524800
0.863200 -0.000000 0.504800
-0.863200 -0.000000 0.504800
-0.556100 -0.617100 0.556700
0.593700 -0.612900 0.521500
0.627800 -0.627800 0.460200
-0.628800 0.609500 0.482900
-0.599600 -0.617200 0.509500
0.628800 0.609500 0.482900
0.613700 0.613700 0.496900
-0.613700 0.613700 0.496800
0.602100 0.602100 0.524300
-0.602100 0.602100 0.524300
-0.627800 -0.627800 0.460300
0.599600 -0.617200 0.509500
0.613600 0.613700 0.496800
0.556100 -0.617100 0.556700
-0.593700 -0.612900 0.521500
-0.000000 -0.000000 1.000000
29
0 0 1 2 0 0 0 1
0 1 3 4 1 1 1 1
0 5 2 6 2 2 2 1
0 7 5 8 3 3 3 1
0 3 8 9 4 4 4 1
0 10 11 12 5 5 5 1
0 13 14 15 6 6 6 1
0 16 17 18 7 7 7 1
0 19 20 21 8 8 8 1
0 14 12 15 9 9 9 1
0 17 21 22 10 10 10 1
0 21 20 23 11 11 11 1
0 21 17 19 10 10 10 1
0 15 24 13 12 12 12 1
0 18 17 22 13 13 13 1
0 11 10 25 14 14 14 1
0 12 14 10 15 15 15 1
0 2 5 0 2 2 2 1
0 4 3 9 1 1 1 1
0 8 3 7 16 16 16 1
0 8 5 6 17 17 17 1
0 2 1 4 0 0 0 1
0 26 27 28 18 18 18 1
0 28 29 26 18 18 18 1
0 27 30 28 18 18 18 1
0 31 32 33 18 18 18 1
0 34 35 36 18 18 18 1
0 33 32 37 18 18 18 1
0 36 38 34 18 18 18 1

Materials: 3
"outline"
1.000000 1.000000 1.000000 1.000000
0.800000 0.800000 0.800000 1.000000
0.500000 0.500000 0.500000 1.000000
0.000000 0.000000 0.000000 1.000000
0.192000
1.000000
"textures/border_of_life.png"
""
"Material01"
0.000000 0.000000 0.000000 1.000000
1.000000 1.000000 1.000000 1.000000
1.000000 1.000000 1.000000 1.000000
0.000000 0.000000 0.000000 1.000000
0.000000
1.000000
"textures/texcher_4th.png"
""
"Material02"
0.000000 0.000000 0.000000 1.000000
1.000000 1.000000 1.000000 1.000000
1.000000 1.000000 1.000000 1.000000
0.000000 0.000000 0.000000 1.000000
0.000000
1.000000
"textures/ornate_4th.png"
""

Bones: 0
GroupComments: 0
MaterialComments: 0
BoneComments: 0
ModelComment: 0
