// MilkShape 3D ASCII

Frames: 30
Frame: 1

Meshes: 3
"outer" 0 0
48
0 4.128054 -7.045346 -0.131958 0.661988 0.286448 -1
0 3.594841 -6.118925 2.316382 0.619965 0.292729 -1
0 0.000001 -7.092567 2.316382 0.642650 0.311289 -1
0 0.000001 -8.163407 -0.131958 0.690146 0.311007 -1
0 7.052365 -4.121037 -0.131958 0.590862 0.268913 -1
0 6.125945 -3.587824 2.316382 0.567509 0.279430 -1
0 8.170424 0.007016 -0.131959 0.492477 0.262486 -1
0 7.099584 0.007016 2.316381 0.492791 0.274382 -1
0 -6.125945 3.601856 2.316381 0.422159 0.343872 -1
0 -7.052365 4.135068 -0.131959 0.398787 0.354502 -1
0 -8.170424 0.007016 -0.131959 0.497990 0.360860 -1
0 -7.099584 0.007016 2.316381 0.497343 0.348899 -1
0 -3.594840 6.132959 2.316381 0.368819 0.330607 -1
0 -4.128053 7.059381 -0.131960 0.326515 0.336970 -1
0 0.000000 7.106601 2.316381 0.346140 0.311923 -1
0 0.000000 8.177440 -0.131960 0.298251 0.312123 -1
0 6.125942 3.601856 2.316381 0.418644 0.279740 -1
0 7.052364 4.135068 -0.131959 0.393449 0.269197 -1
0 4.128053 7.059381 -0.131960 0.323332 0.287261 -1
0 3.594840 6.132960 2.316381 0.365947 0.293064 -1
0 -6.125942 -3.587825 2.316382 0.572083 0.343349 -1
0 -7.052363 -4.121037 -0.131958 0.597470 0.353879 -1
0 -4.128052 -7.045350 -0.131958 0.666539 0.335697 -1
0 -3.594839 -6.118927 2.316382 0.624035 0.330040 -1
0 -7.052365 4.135068 -0.131959 0.387371 0.478015 -1
0 -4.128053 7.059381 -0.131960 0.319100 0.460168 -1
0 -4.522050 7.745717 -2.580300 0.283607 0.465091 -1
0 -7.738702 4.529065 -2.580299 0.368034 0.486243 -1
0 -8.170424 0.007016 -0.131959 0.486371 0.484637 -1
0 -8.963472 0.007015 -2.580298 0.486684 0.494812 -1
0 -7.052363 -4.121037 -0.131958 0.586026 0.477468 -1
0 -7.738699 -4.515035 -2.580297 0.604749 0.485896 -1
0 -4.522048 -7.731687 -2.580297 0.694612 0.466034 -1
0 -4.128052 -7.045350 -0.131958 0.660243 0.460604 -1
0 0.000001 -8.163407 -0.131958 0.690447 0.436139 -1
0 4.128054 -7.045346 -0.131958 0.664756 0.411430 -1
0 4.522051 -7.731683 -2.580297 0.700204 0.406485 -1
0 0.000001 -8.956455 -2.580297 0.728613 0.436367 -1
0 7.052365 -4.121037 -0.131958 0.595866 0.393372 -1
0 7.738702 -4.515034 -2.580297 0.615337 0.385118 -1
0 8.963472 0.007016 -2.580298 0.496455 0.376592 -1
0 8.170424 0.007016 -0.131959 0.496008 0.386792 -1
0 7.052364 4.135068 -0.131959 0.394895 0.392817 -1
0 7.738700 4.529065 -2.580299 0.376205 0.384405 -1
0 4.522049 7.745718 -2.580300 0.288823 0.405286 -1
0 4.128053 7.059381 -0.131960 0.323717 0.410565 -1
0 0.000000 8.177440 -0.131960 0.292990 0.435215 -1
0 -0.000000 8.970489 -2.580300 0.254655 0.435007 -1
37
0.469100 -0.809900 0.352200
0.459400 -0.793000 0.400100
-0.000000 -0.916200 0.400700
0.042700 -0.921800 0.385300
0.659000 -0.659000 0.362600
0.651600 -0.651600 0.388500
0.889200 -0.240800 0.388900
-0.889200 0.240800 0.388900
-0.659000 0.659000 0.362600
-0.651600 0.651600 0.388500
-0.459400 0.793000 0.400100
-0.469100 0.809900 0.352200
-0.000000 0.916200 0.400700
-0.000000 0.927100 0.374800
0.651600 0.651600 0.388500
0.889200 0.240800 0.388900
-0.889200 -0.240800 0.388900
-0.651600 -0.651600 0.388500
-0.240800 -0.889200 0.388900
0.240800 0.889200 0.388900
0.245700 0.907000 0.342100
-0.474900 0.824500 0.307600
-0.675000 0.675000 0.297900
-0.921200 0.249500 0.298400
-0.921200 -0.249500 0.298400
-0.675000 -0.675000 0.297900
-0.249500 -0.921200 0.298400
0.474900 -0.824500 0.307600
0.249500 -0.921200 0.298400
0.921200 -0.249500 0.298400
0.949400 -0.063500 0.307500
0.951300 -0.000000 0.308200
0.921200 0.249500 0.298400
0.675000 -0.675000 0.297900
0.675000 0.675000 0.297900
0.249500 0.921200 0.298400
-0.249500 0.921200 0.298400
48
0 0 1 2 0 1 2 1
0 0 2 3 0 2 3 1
0 4 5 1 4 5 1 1
0 4 1 0 4 1 0 1
0 6 7 5 6 6 6 1
0 6 5 4 6 6 6 1
0 8 9 10 7 7 7 1
0 8 10 11 7 7 7 1
0 9 8 12 8 9 10 1
0 9 12 13 8 10 11 1
0 14 15 13 12 13 11 1
0 14 13 12 12 11 10 1
0 16 17 18 14 14 14 1
0 16 18 19 14 14 14 1
0 17 16 7 15 15 15 1
0 17 7 6 15 15 15 1
0 20 11 10 16 16 16 1
0 20 10 21 16 16 16 1
0 21 22 23 17 17 17 1
0 21 23 20 17 17 17 1
0 2 23 22 2 18 18 1
0 2 22 3 2 18 3 1
0 19 18 15 19 20 13 1
0 19 15 14 19 13 12 1
0 24 25 26 8 11 21 1
0 26 27 24 22 22 22 1
0 28 24 29 23 23 23 1
0 28 29 30 24 24 24 1
0 29 24 27 23 23 23 1
0 29 31 30 24 24 24 1
0 30 31 32 25 25 25 1
0 30 32 33 25 25 25 1
0 33 32 34 26 26 26 1
0 35 34 36 0 3 27 1
0 32 37 34 26 26 26 1
0 37 36 34 28 28 28 1
0 38 35 36 4 0 27 1
0 38 39 40 29 29 30 1
0 41 40 42 31 30 32 1
0 36 39 38 33 33 33 1
0 38 40 41 29 30 31 1
0 40 43 42 32 32 32 1
0 42 43 44 34 34 34 1
0 45 44 46 20 35 13 1
0 25 46 26 11 13 21 1
0 47 26 46 36 36 36 1
0 44 47 46 35 35 35 1
0 44 45 42 34 34 34 1
"inner" 0 0
9
0 0.000000 -0.000000 -0.614723 0.518196 0.062644 -1
0 -7.782594 -0.000000 -0.614723 0.519262 0.100827 -1
0 -5.501321 -5.501321 -0.614722 0.626913 0.089446 -1
0 0.000000 -7.782594 -0.614722 0.670929 0.062377 -1
0 5.501321 -5.501321 -0.614722 0.625405 0.035465 -1
0 7.782594 -0.000000 -0.614723 0.517129 0.024461 -1
0 5.501321 5.501321 -0.614723 0.409479 0.035842 -1
0 0.000000 7.782594 -0.614724 0.365463 0.062911 -1
0 -5.501321 5.501321 -0.614723 0.410987 0.089823 -1
1
-0.000000 -0.000000 1.000000
8
0 0 1 2 0 0 0 1
0 0 2 3 0 0 0 1
0 0 3 4 0 0 0 1
0 0 4 5 0 0 0 1
0 0 5 6 0 0 0 1
0 0 6 7 0 0 0 1
0 0 7 8 0 0 0 1
0 0 8 1 0 0 0 1
"ornate" 0 1
9
3 0.000000 -0.000000 -0.551076 0.500000 0.500000 -1
3 -7.622009 -0.000000 -0.551076 0.377844 0.550655 -1
3 -5.387808 -5.387808 -0.551075 0.449458 0.622156 -1
3 0.000000 -7.622009 -0.551075 0.550655 0.622156 -1
3 5.387808 -5.387808 -0.551075 0.622156 0.550542 -1
3 7.622009 -0.000000 -0.551076 0.622156 0.449345 -1
3 5.387808 5.387808 -0.551076 0.550542 0.377844 -1
3 0.000000 7.622009 -0.551076 0.449345 0.377844 -1
3 -5.387808 5.387808 -0.551076 0.377844 0.449458 -1
1
-0.000000 -0.000000 1.000000
8
3 0 1 2 0 0 0 1
3 0 2 3 0 0 0 1
3 0 3 4 0 0 0 1
3 0 4 5 0 0 0 1
3 0 5 6 0 0 0 1
3 0 6 7 0 0 0 1
3 0 7 8 0 0 0 1
3 0 8 1 0 0 0 1


Materials: 2
"default"
1.000000 1.000000 1.000000 1.000000
0.800000 0.800000 0.800000 1.000000
0.000000 0.000000 0.000000 1.000000
0.000000 0.000000 0.000000 1.000000
0.192000
1.000000
"_mine tex.png"
""
"ornate"
0.000000 0.000000 0.000000 1.000000
1.000000 1.000000 1.000000 1.000000
1.000000 1.000000 1.000000 1.000000
0.000000 0.000000 0.000000 1.000000
0.000000
1.000000
"_mine ornate.png"
""

Bones: 1
"joint1"
""
0 0 0 0 0 0 0
2
1.000000 0.000000 0.000000 0.000000
120.000000 0.000000 0.000000 0.000000
3
1.000000 0.000000 0.000000 0.000000
60.000000 0.000000 0.000000 -3.1
120.000000 0.000000 0.000000 -6.2

GroupComments: 0
MaterialComments: 0
BoneComments: 0
ModelComment: 0
