// MilkShape 3D ASCII

Frames: 30
Frame: 1

Meshes: 5
"mine" 0 0
108
0 0.000000 -0.000000 -5.000000 0.518196 0.082644 -1
0 -11.990954 -0.000000 -5.000000 0.519262 0.120827 -1
0 -8.476107 -8.476107 -4.999999 0.626913 0.109446 -1
0 0.000000 -11.990954 -4.999999 0.670929 0.082377 -1
0 8.476107 -8.476107 -4.999999 0.625405 0.055465 -1
0 11.990954 -0.000000 -5.000000 0.517129 0.044461 -1
0 8.476107 8.476107 -5.000001 0.409479 0.055842 -1
0 0.000000 11.990954 -5.000001 0.365463 0.082911 -1
0 -8.476107 8.476107 -5.000001 0.410987 0.109823 -1
0 -3.850433 14.172994 3.021668 0.331489 0.425066 -1
0 0.000000 14.686965 3.021668 0.325331 0.413533 -1
0 -0.000000 18.183804 -0.961167 0.283434 0.413533 -1
0 12.660861 -7.422540 3.021671 0.590232 0.375610 -1
0 12.852848 -12.845711 -0.961164 0.655209 0.375034 -1
0 15.686887 -9.175076 -0.961164 0.611229 0.366546 -1
0 14.679832 0.007134 3.021670 0.501215 0.369562 -1
0 17.543085 -4.750127 -0.961165 0.558213 0.360986 -1
0 18.176670 0.007134 -0.961165 0.501215 0.359088 -1
0 -15.686887 9.189342 -0.961166 0.391199 0.460520 -1
0 -14.165863 3.857566 3.021669 0.455081 0.455964 -1
0 -12.660861 7.436808 3.021669 0.412197 0.451456 -1
0 -12.852848 12.859982 -0.961166 0.347220 0.452031 -1
0 10.380209 10.387344 3.021669 0.376846 0.382441 -1
0 12.660861 7.436810 3.021669 0.412197 0.375610 -1
0 15.686884 9.189342 -0.961166 0.391199 0.366546 -1
0 17.543085 4.764395 -0.961166 0.444216 0.360986 -1
0 -12.660860 -7.422543 3.021671 0.590232 0.451456 -1
0 -14.165861 -3.843300 3.021670 0.547348 0.455964 -1
0 -17.543085 -4.750130 -0.961165 0.558213 0.466080 -1
0 -15.686884 -9.175079 -0.961164 0.611230 0.460520 -1
0 -12.852844 -12.845718 -0.961164 0.655209 0.452031 -1
0 -10.380205 -10.373076 3.021671 0.625583 0.444625 -1
0 -9.182210 15.694018 -0.961167 0.313265 0.441037 -1
0 -10.380210 10.387342 3.021669 0.376846 0.444625 -1
0 0.000001 -14.672698 3.021671 0.677098 0.413533 -1
0 -4.757260 -17.535954 -0.961164 0.711404 0.427783 -1
0 0.000002 -18.169538 -0.961163 0.718995 0.413533 -1
0 9.182209 15.694019 -0.961167 0.313265 0.386029 -1
0 3.850432 14.172996 3.021668 0.331489 0.402000 -1
0 7.429674 12.667995 3.021668 0.349521 0.391279 -1
0 -19.044611 -5.149125 -4.943999 0.562462 0.645232 -1
0 -18.176670 0.007133 -0.961165 0.499900 0.642599 -1
0 -19.730288 0.007132 -4.944000 0.499900 0.647312 -1
0 19.730288 0.007134 -4.944000 0.499900 0.527616 -1
0 18.176670 0.007134 -0.961165 0.499900 0.532329 -1
0 17.543085 -4.750127 -0.961165 0.557621 0.534251 -1
0 5.156259 -19.037477 -4.943998 0.730972 0.571824 -1
0 0.000002 -18.169538 -0.961163 0.720441 0.587464 -1
0 0.000003 -19.723154 -4.943998 0.739292 0.587464 -1
0 13.951422 -13.944286 -4.943998 0.669176 0.545145 -1
0 9.182214 -15.679751 -0.961164 0.690232 0.559612 -1
0 9.954344 -17.027987 -4.943998 0.706591 0.557270 -1
0 9.954339 17.042255 -4.944002 0.293210 0.557270 -1
0 9.182209 15.694019 -0.961167 0.309568 0.559612 -1
0 12.852847 12.859982 -0.961166 0.343954 0.548478 -1
0 19.044611 5.163389 -4.944001 0.437339 0.529696 -1
0 5.156255 19.051744 -4.944002 0.268828 0.571824 -1
0 -17.543085 4.764394 -0.961166 0.442180 0.640677 -1
0 -19.046463 5.149464 -4.944001 0.437507 0.645238 -1
0 -5.156256 19.051744 -4.944002 0.268828 0.603105 -1
0 -0.000000 18.183804 -0.961167 0.279359 0.587464 -1
0 -0.000001 19.737419 -4.944002 0.260509 0.587464 -1
0 -13.951419 13.958552 -4.944002 0.330625 0.629783 -1
0 -12.852848 12.859982 -0.961166 0.343954 0.626451 -1
0 -9.182210 15.694018 -0.961167 0.309568 0.615316 -1
0 -13.951419 13.958552 -4.944002 0.332090 0.630066 -1
0 -17.035122 9.961473 -4.944001 0.379122 0.639137 -1
0 -17.543085 4.764394 -0.961166 0.444216 0.466080 -1
0 -14.679832 0.007134 3.021670 0.501215 0.457504 -1
0 4.757260 17.550217 -0.961167 0.287047 0.573034 -1
0 -7.429676 12.667994 3.021668 0.349521 0.435787 -1
0 -4.757261 17.550217 -0.961167 0.291025 0.427783 -1
0 -4.757261 17.550217 -0.961167 0.287047 0.601894 -1
0 -9.954340 17.042253 -4.944002 0.293210 0.617659 -1
0 14.165861 3.857567 3.021669 0.455081 0.371101 -1
0 19.044613 -5.149122 -4.943999 0.562462 0.529696 -1
0 15.686887 -9.175076 -0.961164 0.611310 0.539881 -1
0 4.757260 17.550217 -0.961167 0.291025 0.399283 -1
0 13.951419 13.958555 -4.944002 0.330625 0.545145 -1
0 15.686884 9.189342 -0.961166 0.388491 0.539881 -1
0 17.035120 9.961473 -4.944001 0.379122 0.535792 -1
0 12.852847 12.859982 -0.961166 0.347220 0.375034 -1
0 17.543085 4.764395 -0.961166 0.442180 0.534251 -1
0 9.182214 -15.679751 -0.961164 0.689164 0.386029 -1
0 10.380211 -10.373075 3.021671 0.625583 0.382441 -1
0 14.165863 -3.843299 3.021670 0.547348 0.371101 -1
0 12.852848 -12.845711 -0.961164 0.655846 0.548478 -1
0 17.035122 -9.947206 -4.943999 0.620678 0.535792 -1
0 4.757264 -17.535952 -0.961164 0.711404 0.399283 -1
0 3.850435 -14.158730 3.021671 0.670940 0.402000 -1
0 -4.757260 -17.535954 -0.961164 0.712754 0.601894 -1
0 -5.156253 -19.037479 -4.943998 0.730972 0.603105 -1
0 -18.176670 0.007133 -0.961165 0.501215 0.467978 -1
0 4.757264 -17.535952 -0.961164 0.712754 0.573034 -1
0 -3.850432 -14.158730 3.021671 0.670940 0.425066 -1
0 -9.182208 -15.679754 -0.961164 0.689164 0.441037 -1
0 -7.429673 -12.653729 3.021671 0.652908 0.435787 -1
0 -13.977649 -13.910290 -4.943998 0.668763 0.629862 -1
0 -15.686884 -9.175079 -0.961164 0.611310 0.635047 -1
0 -17.035120 -9.947209 -4.943999 0.620678 0.639137 -1
0 -17.543085 -4.750130 -0.961165 0.557621 0.640677 -1
0 -12.852844 -12.845718 -0.961164 0.655846 0.626451 -1
0 -13.977649 -13.910290 -4.943998 0.669176 0.629783 -1
0 -9.954336 -17.027990 -4.943998 0.706591 0.617659 -1
0 7.429678 -12.653728 3.021671 0.652908 0.391279 -1
0 -9.182208 -15.679754 -0.961164 0.690232 0.615316 -1
0 -19.044613 5.163388 -4.944001 0.437339 0.645232 -1
0 -15.686887 9.189342 -0.961166 0.388491 0.635047 -1
103
-0.000000 -0.000000 1.000000
-0.197200 0.725200 0.659700
-0.000100 0.751400 0.659800
-0.000000 0.751400 0.659800
0.596800 -0.461100 0.656600
0.531400 -0.531500 0.659700
0.597100 -0.461000 0.656500
0.747700 -0.099600 0.656500
-0.695100 0.292300 0.656800
-0.596800 0.461100 0.656600
-0.531400 0.531500 0.659700
-0.597100 0.461000 0.656500
0.596800 0.461300 0.656500
0.695400 0.291700 0.656700
-0.695500 -0.292400 0.656300
-0.596900 -0.460900 0.656700
-0.378100 0.649300 0.659800
-0.531300 0.531500 0.659700
0.000100 -0.751400 0.659800
-0.196600 -0.725300 0.659700
-0.000000 -0.751400 0.659800
0.292000 0.695500 0.656500
0.197000 0.725100 0.659900
0.292300 0.695100 0.656800
-0.924600 -0.122900 0.360700
0.924500 -0.123000 0.360700
0.924500 -0.123100 0.360600
0.899200 -0.243900 0.363400
0.122900 -0.924600 0.360700
0.569800 -0.738500 0.360500
0.570000 0.738300 0.360400
0.924600 0.122900 0.360700
0.360200 0.860200 0.361000
-0.924500 0.122900 0.360800
-0.122900 0.924600 0.360700
-0.570000 0.738200 0.360800
-0.738400 0.569700 0.360800
-0.747600 0.099800 0.656600
0.122900 0.924500 0.360800
-0.378600 0.649200 0.659700
-0.196700 0.725200 0.659900
-0.360700 0.860000 0.361000
0.747600 0.099600 0.656600
0.899200 -0.243500 0.363500
0.860200 -0.360500 0.360800
0.196600 0.725300 0.659700
0.738500 0.569800 0.360500
0.461200 0.596700 0.656700
0.860000 0.360700 0.361000
0.378100 -0.649300 0.659800
0.531300 -0.531500 0.659700
0.695700 -0.291800 0.656400
0.738400 -0.569700 0.360800
0.196700 -0.725200 0.659900
0.197200 -0.725200 0.659700
-0.122900 -0.924500 0.360800
-0.747600 -0.099600 0.656600
0.360700 -0.860000 0.361000
-0.197000 -0.725100 0.659900
-0.292000 -0.695500 0.656500
-0.461200 -0.596700 0.656700
-0.738500 -0.569800 0.360500
-0.860000 -0.360700 0.361000
-0.571800 -0.737800 0.358700
0.378600 -0.649200 0.659700
0.747600 -0.099800 0.656600
-0.695700 0.291800 0.656400
0.596900 0.460900 0.656700
0.695500 0.292400 0.656300
-0.695400 -0.291700 0.656700
-0.596800 -0.461300 0.656500
-0.924500 -0.123100 0.360900
-0.570000 -0.738300 0.360400
-0.860200 0.360800 0.360400
-0.860200 0.360200 0.361000
-0.360200 -0.860200 0.361000
-0.360800 -0.860200 0.360400
0.123100 -0.924500 0.360900
0.570000 -0.738200 0.360800
0.924500 0.123100 0.360900
0.569700 0.738400 0.360800
0.360800 0.860200 0.360400
-0.123100 0.924500 0.360900
-0.569800 0.738500 0.360500
-0.924500 0.123100 0.360600
-0.747700 0.099600 0.656500
-0.738300 0.570000 0.360400
-0.360300 0.860400 0.360500
0.123100 0.924500 0.360600
0.738200 0.570000 0.360800
0.461000 0.597100 0.656500
0.860400 0.360300 0.360500
0.747700 0.099800 0.656500
0.695100 -0.292300 0.656800
0.860200 -0.360200 0.361000
0.738300 -0.570000 0.360400
0.360300 -0.860400 0.360500
-0.292300 -0.695100 0.656800
-0.123100 -0.924500 0.360600
-0.461000 -0.597100 0.656500
-0.738200 -0.570000 0.360800
-0.860400 -0.360300 0.360500
-0.747700 -0.099800 0.656500
104
0 0 1 2 0 0 0 1
0 0 2 3 0 0 0 1
0 0 3 4 0 0 0 1
0 0 4 5 0 0 0 1
0 0 5 6 0 0 0 1
0 0 6 7 0 0 0 1
0 0 7 8 0 0 0 1
0 0 8 1 0 0 0 1
0 9 10 11 1 2 3 1
0 12 13 14 4 5 6 1
0 15 16 17 7 7 7 1
0 18 19 20 8 8 8 1
0 20 21 18 9 10 11 1
0 22 23 24 12 12 12 1
0 25 24 23 13 13 13 1
0 26 27 28 14 14 14 1
0 29 30 31 15 15 15 1
0 32 21 33 16 10 17 1
0 34 35 36 18 19 20 1
0 37 38 39 21 22 23 1
0 40 41 42 24 24 24 1
0 43 44 45 25 26 27 1
0 46 47 48 28 28 28 1
0 49 50 51 29 29 29 1
0 52 53 54 30 30 30 1
0 55 44 43 31 31 31 1
0 53 52 56 32 32 32 1
0 57 58 42 33 33 33 1
0 59 60 61 34 34 34 1
0 62 63 64 35 35 35 1
0 63 65 66 36 36 36 1
0 67 68 19 37 37 37 1
0 69 56 61 38 38 38 1
0 70 9 71 39 1 40 1
0 72 73 64 41 41 41 1
0 17 25 74 42 42 42 1
0 75 45 76 43 27 44 1
0 77 10 38 45 2 22 1
0 78 79 80 46 46 46 1
0 81 39 22 47 47 47 1
0 82 80 79 48 48 48 1
0 83 13 84 49 5 50 1
0 85 14 16 51 51 51 1
0 86 49 87 52 52 52 1
0 36 88 89 20 53 54 1
0 90 91 48 55 55 55 1
0 92 28 27 56 56 56 1
0 93 51 50 57 57 57 1
0 94 95 35 58 59 19 1
0 30 96 31 60 60 60 1
0 97 98 99 61 61 61 1
0 100 99 98 62 62 62 1
0 101 102 103 63 63 63 1
0 89 88 104 54 53 64 1
0 12 84 13 4 50 5 1
0 15 85 16 65 65 65 1
0 18 67 19 66 66 66 1
0 20 33 21 9 17 10 1
0 71 9 11 40 1 3 1
0 81 22 24 67 67 67 1
0 74 25 23 68 68 68 1
0 29 26 28 69 69 69 1
0 26 29 31 70 70 70 1
0 34 94 35 18 58 19 1
0 37 77 38 21 45 22 1
0 40 100 41 71 71 71 1
0 105 101 103 72 72 72 1
0 106 57 107 73 73 73 1
0 66 106 107 74 74 74 1
0 105 103 91 75 75 75 1
0 90 105 91 76 76 76 1
0 46 93 47 77 77 77 1
0 49 86 50 78 78 78 1
0 75 43 45 43 25 27 1
0 55 82 44 79 79 79 1
0 78 52 54 80 80 80 1
0 69 53 56 81 81 81 1
0 59 72 60 82 82 82 1
0 64 73 62 83 83 83 1
0 41 57 42 84 84 84 1
0 67 92 68 85 85 85 1
0 107 63 66 86 86 86 1
0 70 32 33 39 16 17 1
0 72 59 73 87 87 87 1
0 32 70 71 16 39 40 1
0 60 69 61 88 88 88 1
0 77 11 10 45 3 2 1
0 78 54 79 89 89 89 1
0 81 37 39 90 90 90 1
0 82 55 80 91 91 91 1
0 15 17 74 92 92 92 1
0 85 12 14 93 93 93 1
0 87 75 76 94 43 44 1
0 104 83 84 64 49 50 1
0 76 86 87 95 95 95 1
0 34 36 89 18 20 54 1
0 93 46 51 96 96 96 1
0 94 96 95 58 97 59 1
0 47 90 48 98 98 98 1
0 30 95 96 99 99 99 1
0 97 101 98 100 100 100 1
0 100 40 99 101 101 101 1
0 68 92 27 102 102 102 1
0 88 83 104 53 49 64 1
"inner white" 0 0
48
3 10.380209 10.387344 3.021669 0.374243 0.280726 -1
3 3.305671 5.573736 -4.944001 0.402943 0.263837 -1
3 4.577909 4.585044 -4.944001 0.419935 0.269303 -1
3 1.715612 6.249825 -4.944001 0.391323 0.257005 -1
3 7.429674 12.667995 3.021668 0.346918 0.271888 -1
3 3.850432 14.172996 3.021668 0.328886 0.261167 -1
3 -7.429676 12.667994 3.021668 0.346918 0.227380 -1
3 -10.380210 10.387342 3.021669 0.374243 0.218542 -1
3 -4.577910 4.585042 -4.944001 0.419935 0.229965 -1
3 -5.566601 3.312805 -4.944000 0.441800 0.225717 -1
3 -6.242690 1.722746 -4.944000 0.469127 0.222812 -1
3 -12.660861 7.436808 3.021669 0.409594 0.211710 -1
3 -14.165863 3.857566 3.021669 0.452478 0.207202 -1
3 -12.660860 -7.422543 3.021671 0.587629 0.211710 -1
3 -10.380205 -10.373076 3.021671 0.622980 0.218542 -1
3 -4.577907 -4.570778 -4.943999 0.577288 0.229965 -1
3 -3.305670 -5.559468 -4.943999 0.594280 0.235431 -1
3 -1.715613 -6.235557 -4.943999 0.605899 0.242263 -1
3 -7.429673 -12.653729 3.021671 0.650305 0.227380 -1
3 -3.850432 -14.158730 3.021671 0.668337 0.238101 -1
3 7.429678 -12.653728 3.021671 0.650305 0.271888 -1
3 10.380211 -10.373075 3.021671 0.622980 0.280726 -1
3 4.577911 -4.570775 -4.943999 0.577288 0.269303 -1
3 5.566602 -3.298538 -4.944000 0.555423 0.273551 -1
3 6.242690 -1.708479 -4.944000 0.528096 0.276456 -1
3 12.660861 -7.422540 3.021671 0.587629 0.287557 -1
3 14.165863 -3.843299 3.021670 0.544745 0.292065 -1
3 -5.566600 -3.298541 -4.944000 0.555423 0.225717 -1
3 -6.242690 -1.708480 -4.944000 0.528096 0.222812 -1
3 -14.165861 -3.843300 3.021670 0.544745 0.207202 -1
3 5.566600 3.312806 -4.944000 0.441800 0.273551 -1
3 12.660861 7.436810 3.021669 0.409594 0.287557 -1
3 -3.305672 5.573734 -4.944001 0.402943 0.235431 -1
3 -1.715613 6.249825 -4.944001 0.391323 0.242263 -1
3 -3.850433 14.172994 3.021668 0.328886 0.238101 -1
3 0.000000 14.686965 3.021668 0.322728 0.249634 -1
3 0.000001 6.481275 -4.944001 0.387346 0.249634 -1
3 6.242691 1.722746 -4.944000 0.469127 0.276456 -1
3 14.165861 3.857567 3.021669 0.452478 0.292065 -1
3 -14.679832 0.007134 3.021670 0.498611 0.205663 -1
3 -6.474142 0.007134 -4.944000 0.498611 0.221817 -1
3 3.305674 -5.559466 -4.943999 0.594280 0.263837 -1
3 1.715613 -6.235558 -4.943999 0.605899 0.257005 -1
3 3.850435 -14.158730 3.021671 0.668337 0.261167 -1
3 0.000001 -14.672698 3.021671 0.674495 0.249634 -1
3 -0.000002 -6.467009 -4.943999 0.609877 0.249634 -1
3 14.679832 0.007134 3.021670 0.498611 0.293605 -1
3 6.474142 0.007132 -4.944000 0.498612 0.277450 -1
48
-0.492600 -0.492500 0.717400
-0.352800 -0.600300 0.717700
-0.492800 -0.492500 0.717400
-0.184300 -0.671400 0.717800
-0.351100 -0.601700 0.717400
-0.182700 -0.672200 0.717500
0.350900 -0.601600 0.717600
0.492500 -0.492600 0.717400
0.492500 -0.492800 0.717400
0.600300 -0.352800 0.717700
0.671400 -0.184300 0.717800
0.601700 -0.351100 0.717400
0.672200 -0.182700 0.717500
0.601600 0.350900 0.717600
0.492600 0.492500 0.717400
0.492800 0.492500 0.717400
0.352800 0.600300 0.717700
0.184300 0.671400 0.717800
0.351100 0.601700 0.717400
0.182700 0.672200 0.717500
-0.350900 0.601600 0.717600
-0.492500 0.492600 0.717400
-0.492500 0.492800 0.717400
-0.600300 0.352800 0.717700
-0.671400 0.184300 0.717800
-0.601700 0.351100 0.717400
-0.672200 0.182700 0.717500
0.600800 0.353000 0.717300
0.671700 0.184600 0.717400
0.672000 0.182700 0.717700
-0.600800 -0.353000 0.717300
-0.601600 -0.350900 0.717600
0.353000 -0.600800 0.717300
0.184600 -0.671700 0.717400
0.182700 -0.672000 0.717700
-0.000000 -0.696500 0.717600
0.000100 -0.696400 0.717600
-0.671700 -0.184600 0.717400
-0.672000 -0.182700 0.717700
0.696500 -0.000000 0.717600
0.696400 0.000100 0.717600
-0.353000 0.600800 0.717300
-0.184600 0.671700 0.717400
-0.182700 0.672000 0.717700
-0.000000 0.696500 0.717600
-0.000100 0.696400 0.717600
-0.696500 -0.000000 0.717600
-0.696400 -0.000100 0.717600
48
3 0 1 2 0 1 2 1
3 3 4 5 3 4 5 1
3 6 7 8 6 7 8 1
3 7 9 8 7 9 8 1
3 10 11 12 10 11 12 1
3 13 14 15 13 14 15 1
3 14 16 15 14 16 15 1
3 17 18 19 17 18 19 1
3 20 21 22 20 21 22 1
3 21 23 22 21 23 22 1
3 24 25 26 24 25 26 1
3 27 28 29 27 28 29 1
3 0 4 1 0 4 1 1
3 30 31 2 30 31 2 1
3 32 33 34 32 33 34 1
3 5 35 36 5 35 36 1
3 3 1 4 3 1 4 1
3 5 36 3 5 36 3 1
3 6 32 34 6 32 34 1
3 35 34 33 35 34 33 1
3 36 35 33 36 35 33 1
3 7 11 9 7 11 9 1
3 32 6 8 32 6 8 1
3 30 37 38 30 37 38 1
3 12 39 40 12 39 40 1
3 10 9 11 10 9 11 1
3 12 40 10 12 40 10 1
3 13 27 29 13 27 29 1
3 39 29 28 39 29 28 1
3 40 39 28 40 39 28 1
3 14 18 16 14 18 16 1
3 27 13 15 27 13 15 1
3 41 42 43 41 42 43 1
3 19 44 45 19 44 45 1
3 17 16 18 17 16 18 1
3 19 45 17 19 45 17 1
3 20 41 43 20 41 43 1
3 44 43 42 44 43 42 1
3 45 44 42 45 44 42 1
3 21 25 23 21 25 23 1
3 41 20 22 41 20 22 1
3 26 46 47 26 46 47 1
3 24 23 25 24 23 25 1
3 26 47 24 26 47 24 1
3 31 30 38 31 30 38 1
3 46 38 37 46 38 37 1
3 47 46 37 47 46 37 1
3 31 0 2 31 0 2 1
"ornate" 0 1
9
0 0.000000 -0.000000 -4.396461 0.498609 0.504173 -1
0 -8.392571 -0.000000 -4.396461 0.358369 0.562327 -1
0 -5.932499 -5.932499 -4.396461 0.440585 0.644413 -1
0 0.000000 -8.392571 -4.396461 0.556763 0.644413 -1
0 5.932499 -5.932499 -4.396461 0.638849 0.562197 -1
0 8.392571 -0.000000 -4.396461 0.638849 0.446019 -1
0 5.932499 5.932499 -4.396462 0.556633 0.363933 -1
0 0.000000 8.392571 -4.396462 0.440455 0.363933 -1
0 -5.932499 5.932499 -4.396462 0.358369 0.446149 -1
1
-0.000000 -0.000000 1.000000
8
0 0 1 2 0 0 0 1
0 0 2 3 0 0 0 1
0 0 3 4 0 0 0 1
0 0 4 5 0 0 0 1
0 0 5 6 0 0 0 1
0 0 6 7 0 0 0 1
0 0 7 8 0 0 0 1
0 0 8 1 0 0 0 1
"deco" 0 0
152
3 14.157010 3.855156 3.321674 0.501718 0.839939 -1
3 12.652950 7.432163 3.321674 0.501652 0.839939 -1
3 9.714235 5.775835 -0.000000 0.501652 0.985946 -1
3 -3.848026 -14.149883 3.321676 0.501718 0.839939 -1
3 -0.000003 -11.290852 0.000001 0.501652 0.985946 -1
3 -2.993903 -10.886947 0.000001 0.501718 0.985907 -1
3 11.297978 0.007126 0.000000 0.501652 0.985946 -1
3 14.157012 -3.840897 3.321675 0.501718 0.839939 -1
3 14.670660 0.007129 3.321675 0.501652 0.839939 -1
3 -10.373724 10.380853 3.321674 0.501718 0.839939 -1
3 -9.714238 5.775831 -0.000000 0.501652 0.985946 -1
3 -7.988879 7.996005 -0.000000 0.501718 0.985907 -1
3 2.993903 -10.886947 0.000001 0.501652 0.985943 -1
3 -0.000003 -11.290852 0.000001 0.501718 0.985905 -1
3 0.000001 -14.663530 3.321676 0.501718 0.839938 -1
3 3.848029 -14.149883 3.321676 0.501718 0.839939 -1
3 7.425036 -12.645823 3.321676 0.501652 0.839939 -1
3 5.768707 -9.707106 0.000000 0.501652 0.985946 -1
3 10.894074 -2.986775 0.000000 0.501652 0.985946 -1
3 12.652952 -7.417902 3.321676 0.501718 0.839939 -1
3 14.157012 -3.840897 3.321675 0.501652 0.839939 -1
3 -5.768701 -9.707110 0.000000 0.501652 0.985946 -1
3 -10.373722 -10.366596 3.321676 0.501718 0.839939 -1
3 -7.425031 -12.645823 3.321676 0.501652 0.839939 -1
3 -3.848027 14.164139 3.321673 0.501718 0.839939 -1
3 -7.425034 12.660079 3.321673 0.501652 0.839939 -1
3 -5.768707 9.721365 -0.000000 0.501652 0.985946 -1
3 -7.425031 -12.645823 3.321676 0.501718 0.839938 -1
3 -2.993903 -10.886947 0.000001 0.501652 0.985959 -1
3 -5.768701 -9.707110 0.000000 0.501718 0.985905 -1
3 -7.988875 -7.981754 0.000000 0.501652 0.985946 -1
3 -9.714235 -5.761580 0.000000 0.501718 0.985907 -1
3 -12.652950 -7.417906 3.321676 0.501718 0.839939 -1
3 -14.157010 -3.840899 3.321675 0.501718 0.839939 -1
3 -12.652950 -7.417906 3.321676 0.501652 0.839939 -1
3 -9.714235 -5.761580 0.000000 0.501652 0.985946 -1
3 2.993903 10.901204 -0.000001 0.501652 0.985946 -1
3 7.425032 12.660080 3.321673 0.501718 0.839939 -1
3 3.848027 14.164140 3.321673 0.501652 0.839939 -1
3 10.373723 10.380854 3.321674 0.501718 0.839939 -1
3 5.768702 9.721366 -0.000000 0.501652 0.985946 -1
3 7.988876 7.996008 -0.000000 0.501718 0.985907 -1
3 -12.652950 7.432161 3.321674 0.501718 0.839938 -1
3 -10.894075 3.001032 -0.000000 0.501652 0.985959 -1
3 -9.714238 5.775831 -0.000000 0.501718 0.985905 -1
3 -2.993903 10.901204 -0.000001 0.501652 0.985946 -1
3 0.000001 11.305108 -0.000001 0.501718 0.985907 -1
3 0.000000 14.677789 3.321673 0.501718 0.839939 -1
3 7.988876 7.996008 -0.000000 0.501652 0.985946 -1
3 9.714235 5.775835 -0.000000 0.501718 0.985907 -1
3 12.652950 7.432163 3.321674 0.501718 0.839939 -1
3 7.988880 -7.981747 0.000000 0.501652 0.985959 -1
3 5.768707 -9.707106 0.000000 0.501718 0.985905 -1
3 7.425036 -12.645823 3.321676 0.501718 0.839938 -1
3 -10.894076 -2.986776 0.000000 0.501652 0.985959 -1
3 -11.297980 0.007131 0.000000 0.501718 0.985905 -1
3 -14.670660 0.007129 3.321675 0.501718 0.839938 -1
3 3.848027 14.164140 3.321673 0.501718 0.839939 -1
3 0.000001 11.305108 -0.000001 0.501652 0.985946 -1
3 2.993903 10.901204 -0.000001 0.501718 0.985907 -1
3 10.373725 -10.366592 3.321676 0.501718 0.839939 -1
3 9.714237 -5.761574 0.000000 0.501652 0.985946 -1
3 7.988880 -7.981747 0.000000 0.501718 0.985907 -1
3 -11.297980 0.007131 0.000000 0.501652 0.985946 -1
3 -14.157012 3.855157 3.321674 0.501718 0.839939 -1
3 -14.670660 0.007129 3.321675 0.501652 0.839939 -1
3 10.894075 3.001032 -0.000000 0.501652 0.985959 -1
3 11.297978 0.007126 0.000000 0.501718 0.985905 -1
3 14.670660 0.007129 3.321675 0.501718 0.839938 -1
3 -10.373724 10.380853 3.321674 0.501652 0.839939 -1
3 -7.988879 7.996005 -0.000000 0.501652 0.985946 -1
3 -7.425034 12.660079 3.321673 0.501718 0.839939 -1
3 0.000001 -14.663530 3.321676 0.501652 0.839939 -1
3 10.894074 -2.986775 0.000000 0.501718 0.985907 -1
3 -12.652950 7.432161 3.321674 0.501652 0.839939 -1
3 10.894075 3.001032 -0.000000 0.501718 0.985907 -1
3 3.848029 -14.149883 3.321676 0.501652 0.839926 -1
3 9.714237 -5.761574 0.000000 0.501718 0.985907 -1
3 -7.988875 -7.981754 0.000000 0.501718 0.985907 -1
3 2.993903 -10.886947 0.000001 0.501718 0.985907 -1
3 -3.848026 -14.149883 3.321676 0.501652 0.839926 -1
3 -2.993903 10.901204 -0.000001 0.501718 0.985907 -1
3 -10.373722 -10.366596 3.321676 0.501652 0.839939 -1
3 5.768702 9.721366 -0.000000 0.501718 0.985907 -1
3 7.425032 12.660080 3.321673 0.501652 0.839939 -1
3 -14.157012 3.855157 3.321674 0.501652 0.839926 -1
3 -10.894076 -2.986776 0.000000 0.501718 0.985907 -1
3 -3.848027 14.164139 3.321673 0.501652 0.839939 -1
3 10.373723 10.380854 3.321674 0.501652 0.839939 -1
3 10.373725 -10.366592 3.321676 0.501652 0.839926 -1
3 0.000000 14.677789 3.321673 0.501652 0.839939 -1
3 12.652952 -7.417902 3.321676 0.501652 0.839939 -1
3 -10.894075 3.001032 -0.000000 0.501718 0.985907 -1
3 -14.157010 -3.840899 3.321675 0.501652 0.839926 -1
3 14.157010 3.855156 3.321674 0.501652 0.839926 -1
3 -5.768707 9.721365 -0.000000 0.501718 0.985907 -1
3 0.109117 -17.660313 -0.399999 0.018455 0.834692 -1
3 4.576086 -17.058643 -0.399999 0.056111 0.834692 -1
3 4.082874 -15.217956 3.221670 0.103642 0.714403 -1
3 7.787408 -13.698817 3.221670 0.162520 0.714403 -1
3 11.108238 -11.178700 3.221669 0.246694 0.714403 -1
3 8.745428 -15.346217 -0.400000 0.122449 0.834692 -1
3 12.458266 -12.523656 -0.400000 0.216693 0.834692 -1
3 -11.101089 11.191083 3.221670 0.246694 0.677225 -1
3 -12.451118 12.536037 -0.400000 0.216693 0.681852 -1
3 -13.646023 7.886790 3.221671 0.348414 0.677225 -1
3 -4.568935 17.071028 -0.400001 0.056111 0.681852 -1
3 -7.780259 13.711199 3.221669 0.162520 0.677225 -1
3 -4.075724 15.230339 3.221669 0.103642 0.677225 -1
3 17.670074 0.111730 -0.400002 0.584062 0.834693 -1
3 17.068411 4.578701 -0.400002 0.702256 0.834693 -1
3 15.227723 4.085490 3.221668 0.680092 0.714403 -1
3 13.708582 7.790026 3.221668 0.773237 0.714403 -1
3 -17.074940 4.527345 -0.399998 0.455853 0.681852 -1
3 -17.662928 -0.099350 -0.399998 0.584062 0.681852 -1
3 -15.757228 -0.105317 3.221672 0.575116 0.677225 -1
3 -15.296338 8.839600 -0.399999 0.330476 0.681852 -1
3 -15.235157 4.030665 3.221671 0.460522 0.677225 -1
3 -17.061260 -4.566322 -0.399998 0.702256 0.681852 -1
3 -13.701433 -7.777645 3.221672 0.773237 0.677225 -1
3 -15.220571 -4.073109 3.221672 0.680092 0.677225 -1
3 -15.348833 -8.735662 -0.399998 0.807076 0.681852 -1
3 -12.526274 -12.448502 -0.399998 0.894217 0.681852 -1
3 -11.181316 -11.098474 3.221672 0.851199 0.677225 -1
3 11.188465 11.110854 3.221668 0.142346 0.714403 -1
3 12.533421 12.460882 -0.400002 0.099328 0.834693 -1
3 7.884173 13.655787 3.221668 0.089161 0.714403 -1
3 0.109117 -17.660313 -0.399999 0.018455 0.681852 -1
3 0.115084 -15.754613 3.221671 0.070135 0.677225 -1
3 -4.517579 -17.072321 -0.399998 0.012281 0.681852 -1
3 -8.829833 -15.293723 -0.399998 0.953666 0.681852 -1
3 -4.517579 -17.072321 -0.399998 0.981264 0.681852 -1
3 -4.020899 -15.232543 3.221671 0.929026 0.677225 -1
3 -7.877023 -13.643405 3.221672 0.904383 0.677225 -1
3 0.115084 -15.754613 3.221671 0.070135 0.714403 -1
3 -0.101964 17.672693 -0.400001 0.018455 0.681852 -1
3 15.303487 -8.827217 -0.400001 0.330476 0.834692 -1
3 13.653172 -7.874407 3.221669 0.348414 0.714403 -1
3 -8.738278 15.358601 -0.400000 0.122449 0.681852 -1
3 -0.107934 15.766994 3.221669 0.070135 0.677225 -1
3 8.836983 15.306103 -0.400002 0.039878 0.834693 -1
3 4.524730 17.084702 -0.400002 0.012281 0.834693 -1
3 4.028049 15.244924 3.221668 0.064519 0.714403 -1
3 -0.107934 15.766994 3.221669 0.070135 0.714403 -1
3 -0.101964 17.672693 -0.400001 0.018455 0.834693 -1
3 15.764378 0.117701 3.221668 0.575116 0.714403 -1
3 15.242306 -4.018282 3.221668 0.460522 0.714403 -1
3 17.082087 -4.514964 -0.400002 0.455853 0.834693 -1
3 15.355983 8.748044 -0.400003 0.807076 0.834693 -1
3 11.188465 11.110854 3.221668 0.851199 0.714403 -1
3 12.533421 12.460882 -0.400002 0.894217 0.834693 -1
3 -4.020899 -15.232543 3.221671 0.064519 0.677225 -1
98
-0.676700 -0.184000 0.712900
-0.606000 -0.353200 0.712800
-0.605300 -0.355900 0.712000
0.183900 0.677300 0.712300
-0.000200 0.701500 0.712600
0.185600 0.676200 0.712900
-0.701500 -0.000200 0.712600
-0.677300 0.183900 0.712300
-0.701600 -0.000200 0.712600
0.496200 -0.496600 0.712200
0.604500 -0.355700 0.712800
0.496100 -0.496700 0.712200
-0.186200 0.676700 0.712300
-0.000200 0.701600 0.712600
-0.184000 0.676700 0.712900
-0.353200 0.606000 0.712800
-0.355900 0.605300 0.712000
-0.676200 0.185600 0.712900
-0.606500 0.353700 0.712100
0.355700 0.604500 0.712800
0.496600 0.496200 0.712200
0.353700 0.606500 0.712100
0.184000 -0.676700 0.712900
0.353200 -0.606000 0.712800
0.355900 -0.605300 0.712000
0.496700 0.496100 0.712200
0.605300 0.355900 0.712000
0.606000 0.353200 0.712800
0.676700 0.184000 0.712900
-0.185600 -0.676200 0.712900
-0.353700 -0.606500 0.712100
-0.183900 -0.677300 0.712300
-0.496600 -0.496200 0.712200
-0.355700 -0.604500 0.712800
-0.496700 -0.496100 0.712200
0.606500 -0.353700 0.712100
0.676200 -0.185600 0.712900
0.186200 -0.676700 0.712300
0.000200 -0.701500 0.712600
0.000200 -0.701600 0.712600
-0.496100 0.496700 0.712200
0.676700 0.186200 0.712300
0.701500 0.000200 0.712600
0.701600 0.000200 0.712600
-0.496200 0.496600 0.712200
-0.604500 0.355700 0.712800
0.677300 -0.183900 0.712300
-0.676700 -0.186200 0.712300
0.003200 -0.884900 0.465800
0.229000 -0.854900 0.465500
0.228900 -0.854900 0.465500
0.336600 -0.820300 0.462400
0.536700 -0.705900 0.462200
-0.702300 0.540900 0.462700
-0.229000 0.854900 0.465500
-0.336600 0.820300 0.462400
-0.228900 0.854900 0.465500
0.878600 0.118300 0.462700
0.820200 0.336400 0.462700
-0.879300 0.111800 0.462900
-0.819600 0.338000 0.462700
-0.820200 -0.336400 0.462700
-0.706000 -0.536300 0.462600
-0.627600 -0.624000 0.465600
-0.627900 -0.623500 0.465800
0.627900 0.623500 0.465800
0.627600 0.624000 0.465600
0.442400 0.766400 0.465700
0.004000 -0.885100 0.465500
-0.226400 -0.855400 0.465800
-0.442400 -0.766400 0.465700
-0.225900 -0.855700 0.465600
0.336900 -0.820300 0.462200
-0.003200 0.884900 0.465800
0.702600 -0.540800 0.462400
0.535800 -0.706100 0.462900
0.702300 -0.540900 0.462700
-0.535800 0.706100 0.462900
-0.536700 0.705900 0.462200
-0.702600 0.540800 0.462400
-0.336900 0.820300 0.462200
-0.004000 0.885100 0.465500
0.226400 0.855400 0.465800
0.225900 0.855700 0.465600
0.878800 0.118900 0.462200
0.879800 -0.111100 0.462200
0.820300 0.336900 0.462200
0.879300 -0.111800 0.462900
0.819600 -0.338000 0.462700
0.819800 -0.337800 0.462400
-0.879800 0.111100 0.462200
-0.819800 0.337800 0.462400
-0.878800 -0.118900 0.462200
-0.878600 -0.118300 0.462700
-0.820300 -0.336900 0.462200
-0.706100 -0.535800 0.462900
0.706100 0.535800 0.462900
0.706000 0.536300 0.462600
96
3 0 1 2 0 1 2 1
3 3 4 5 3 4 5 1
3 6 7 8 6 7 8 1
3 9 10 11 9 10 11 1
3 12 13 14 12 4 13 1
3 15 16 17 14 15 16 1
3 18 19 20 17 18 7 1
3 21 22 23 19 20 21 1
3 24 25 26 22 23 24 1
3 27 28 29 21 5 19 1
3 30 31 32 25 26 27 1
3 33 34 35 28 27 26 1
3 36 37 38 29 30 31 1
3 39 40 41 32 33 34 1
3 42 43 44 35 36 10 1
3 45 46 47 37 38 39 1
3 48 49 50 34 2 1 1
3 51 52 53 40 16 15 1
3 54 55 56 41 42 43 1
3 57 58 59 31 38 29 1
3 60 61 62 44 45 40 1
3 63 64 65 42 46 43 1
3 66 67 68 47 6 8 1
3 69 70 71 9 11 23 1
3 3 72 4 3 13 4 1
3 6 73 7 6 17 7 1
3 9 74 10 9 35 10 1
3 75 0 2 47 0 2 1
3 76 12 14 14 12 13 1
3 18 77 19 17 45 18 1
3 21 78 22 19 25 20 1
3 79 15 17 12 14 16 1
3 27 80 28 21 3 5 1
3 81 24 26 37 22 24 1
3 82 30 32 20 25 27 1
3 36 83 37 29 33 30 1
3 39 84 40 32 30 33 1
3 42 85 43 35 46 36 1
3 86 33 35 41 28 26 1
3 87 45 47 22 37 39 1
3 88 48 50 32 34 1 1
3 89 51 53 44 40 15 1
3 57 90 58 31 39 38 1
3 60 91 61 44 18 45 1
3 63 92 64 42 36 46 1
3 93 54 56 28 41 43 1
3 94 66 68 0 47 8 1
3 70 95 71 11 24 23 1
3 96 97 98 48 49 50 1
3 97 99 98 49 51 50 1
3 100 101 102 52 52 52 1
3 103 104 105 53 53 53 1
3 106 107 108 54 55 56 1
3 109 110 111 57 57 57 1
3 111 110 112 58 58 58 1
3 113 114 115 59 59 59 1
3 116 113 117 60 60 60 1
3 118 119 120 61 61 61 1
3 121 122 123 62 63 64 1
3 124 125 126 65 66 67 1
3 127 128 129 48 68 69 1
3 130 131 132 70 69 71 1
3 133 130 132 70 70 71 1
3 97 101 99 49 72 51 1
3 134 96 98 68 48 50 1
3 135 106 108 73 54 56 1
3 102 136 137 74 74 74 1
3 100 99 101 75 75 75 1
3 102 137 100 76 76 76 1
3 103 107 138 77 77 77 1
3 138 104 103 78 78 78 1
3 104 116 105 79 79 79 1
3 106 138 107 54 80 55 1
3 139 135 108 81 73 56 1
3 140 141 142 67 82 83 1
3 126 140 142 67 67 83 1
3 143 142 141 81 83 82 1
3 144 143 141 73 81 82 1
3 145 109 111 84 84 84 1
3 145 146 147 85 85 85 1
3 110 148 112 86 86 86 1
3 109 145 147 87 87 87 1
3 136 147 146 88 88 88 1
3 137 136 146 89 89 89 1
3 117 113 115 90 90 90 1
3 105 116 117 91 91 91 1
3 120 115 114 92 92 92 1
3 118 120 114 93 93 93 1
3 118 121 119 94 94 94 1
3 130 133 122 70 70 63 1
3 133 123 122 70 64 63 1
3 123 119 121 64 95 62 1
3 149 112 148 65 96 97 1
3 148 150 149 97 66 65 1
3 125 140 126 66 67 67 1
3 128 151 129 68 71 69 1
"spikes" 0 0
96
0 -2.680222 8.855314 3.500000 0.234561 0.395882 0
0 2.680232 8.855334 3.500000 0.234561 0.433273 0
0 -2.680245 21.281673 3.499999 0.744569 0.395881 0
0 2.680232 8.855334 -5.000001 0.234561 0.433273 0
0 2.680242 21.281681 -5.000002 0.744570 0.433273 0
0 -2.680234 8.855330 -5.000001 0.234561 0.395881 0
0 -2.680246 21.281673 -5.000002 0.744569 0.395881 0
0 2.680242 21.281681 3.499999 0.744570 0.433273 0
0 9.009038 -2.106517 3.500000 0.234561 0.395882 0
0 6.328828 -6.748816 3.500000 0.234561 0.433273 0
0 19.770592 -8.319677 3.499999 0.744569 0.395881 0
0 6.328828 -6.748816 -5.000001 0.234561 0.433273 0
0 17.090355 -12.961999 -5.000002 0.744570 0.433273 0
0 9.009057 -2.106514 -5.000001 0.234561 0.395881 0
0 19.770592 -8.319676 -5.000002 0.744569 0.395881 0
0 17.090355 -12.961999 3.499999 0.744570 0.433273 0
0 -6.328816 -6.748798 3.500000 0.234561 0.395882 0
0 -9.009061 -2.106519 3.500000 0.234561 0.433273 0
0 -17.090347 -12.961998 3.499999 0.744569 0.395881 0
0 -9.009061 -2.106519 -5.000001 0.234561 0.433273 0
0 -19.770596 -8.319684 -5.000002 0.744570 0.433273 0
0 -6.328823 -6.748816 -5.000001 0.234561 0.395881 0
0 -17.090347 -12.961999 -5.000002 0.744569 0.395881 0
0 -19.770596 -8.319684 3.499999 0.744570 0.433273 0
0 -2.680246 21.281673 3.499999 0.542056 0.556385 0
0 -2.934815 17.805527 3.668688 0.354777 0.548037 0
0 -2.680245 17.805527 3.500000 0.354777 0.556385 0
0 3.430962 17.805527 -0.961162 0.354777 0.640536 0
0 3.680735 19.340519 -4.944002 0.458080 0.644166 0
0 2.934815 21.324724 3.641269 0.544952 0.633327 0
0 2.934815 17.805527 3.668688 0.354777 0.633327 0
0 2.680242 21.281681 3.499999 0.542056 0.624978 0
0 2.680245 17.805527 3.499998 0.354777 0.624978 0
0 -2.934815 21.324724 3.396216 0.544952 0.548037 0
0 -3.430962 17.805527 -0.961162 0.354777 0.540827 0
0 -3.680735 19.344267 -4.944002 0.458332 0.537198 0
0 -3.680735 21.532511 -5.216474 0.558937 0.537198 0
0 -2.636995 21.744143 3.259981 0.573181 0.552364 0
0 3.680735 21.532511 -4.971421 0.558937 0.644166 0
0 2.636995 21.744143 3.627560 0.573181 0.628999 0
0 2.603250 22.458288 -4.998839 0.621241 0.628509 0
0 3.307221 22.074652 -4.985130 0.595423 0.638738 0
0 -2.075688 22.040936 3.123745 0.593154 0.560520 0
0 2.075688 22.040936 3.613851 0.593154 0.620843 0
0 -3.307221 22.074652 -5.352709 0.595423 0.542625 0
0 -2.603250 22.458288 -5.488945 0.621241 0.552855 0
0 -2.680245 17.805527 -0.961167 0.354777 0.556241 0
0 2.680245 17.805527 -0.961167 0.354777 0.625122 0
0 19.770592 -8.319676 3.499999 0.542056 0.556385 0
0 16.887445 -6.361140 3.668688 0.354777 0.548037 0
0 16.760160 -6.581604 3.500000 0.354777 0.556385 0
0 13.704557 -11.874064 -0.961162 0.354777 0.640536 0
0 14.909012 -12.857870 -4.944002 0.458080 0.644166 0
0 17.000345 -13.203987 3.641269 0.544952 0.633327 0
0 13.952631 -11.444389 3.668688 0.354777 0.633327 0
0 17.090355 -12.961999 3.499999 0.542056 0.624978 0
0 14.079915 -11.223925 3.499998 0.354777 0.624978 0
0 19.935160 -8.120739 3.396216 0.544952 0.548037 0
0 17.135519 -5.931464 -0.961162 0.354777 0.540827 0
0 18.592995 -6.484524 -4.944002 0.458332 0.537198 0
0 20.488070 -7.578646 -5.216474 0.558937 0.537198 0
0 20.149479 -8.588367 3.259981 0.573181 0.552364 0
0 16.807333 -13.953867 -4.971421 0.558937 0.644166 0
0 17.512482 -13.155777 3.627560 0.573181 0.628999 0
0 18.147823 -13.483625 -4.998839 0.621241 0.628509 0
0 17.463598 -13.901464 -4.985130 0.595423 0.638738 0
0 20.125853 -9.222871 3.123745 0.593154 0.560520 0
0 18.050165 -12.818067 3.613851 0.593154 0.620843 0
0 20.770819 -8.173189 -5.352709 0.595423 0.542625 0
0 20.751072 -8.974665 -5.488945 0.621241 0.552855 0
0 16.760160 -6.581604 -0.961167 0.354777 0.556241 0
0 14.079915 -11.223925 -0.961167 0.354777 0.625122 0
0 -17.090347 -12.961999 3.499999 0.542056 0.556385 0
0 -13.952631 -11.444389 3.668688 0.354777 0.548037 0
0 -14.079915 -11.223925 3.500000 0.354777 0.556385 0
0 -17.135519 -5.931464 -0.961162 0.354777 0.640536 0
0 -18.589748 -6.482650 -4.944002 0.458080 0.644166 0
0 -19.935160 -8.120739 3.641269 0.544952 0.633327 0
0 -16.887445 -6.361140 3.668688 0.354777 0.633327 0
0 -19.770596 -8.319684 3.499999 0.542056 0.624978 0
0 -16.760160 -6.581604 3.499998 0.354777 0.624978 0
0 -17.000345 -13.203987 3.396216 0.544952 0.548037 0
0 -13.704557 -11.874064 -0.961162 0.354777 0.540827 0
0 -14.912258 -12.859745 -4.944002 0.458332 0.537198 0
0 -16.807333 -13.953867 -5.216474 0.558937 0.537198 0
0 -17.512482 -13.155777 3.259981 0.573181 0.552364 0
0 -20.488070 -7.578646 -4.971421 0.558937 0.644166 0
0 -20.149479 -8.588367 3.627560 0.573181 0.628999 0
0 -20.751072 -8.974665 -4.998839 0.621241 0.628509 0
0 -20.770819 -8.173189 -4.985130 0.595423 0.638738 0
0 -18.050165 -12.818067 3.123745 0.593154 0.560520 0
0 -20.125853 -9.222871 3.613851 0.593154 0.620843 0
0 -17.463598 -13.901464 -5.352709 0.595423 0.542625 0
0 -18.147823 -13.483625 -5.488945 0.621241 0.552855 0
0 -14.079915 -11.223925 -0.961167 0.354777 0.556241 0
0 -16.760160 -6.581604 -0.961167 0.354777 0.625122 0
135
-0.577300 -0.577400 0.577400
0.577400 -0.577400 0.577300
-0.577400 0.577400 0.577300
0.707100 -0.707100 -0.000000
0.707100 0.707100 -0.000000
-0.707100 -0.707100 -0.000000
-0.707100 0.707100 -0.000000
0.577400 0.577400 0.577400
-0.211300 0.788700 0.577400
-0.788700 -0.211300 0.577300
0.788700 0.211300 0.577300
-0.965900 -0.258800 -0.000000
0.258800 -0.965900 -0.000000
-0.258800 0.965900 -0.000000
0.965900 0.258800 -0.000000
0.211300 -0.788700 0.577400
0.788700 -0.211300 0.577400
0.211300 0.788700 0.577300
-0.211300 -0.788700 0.577300
0.258800 0.965900 -0.000000
-0.965900 0.258800 -0.000000
0.965900 -0.258800 -0.000000
-0.258800 -0.965900 -0.000000
-0.788700 0.211300 0.577400
0.019000 -0.175100 0.984400
0.429900 0.030900 0.902400
0.646400 0.036000 -0.762200
-0.873500 0.124300 -0.470700
0.199900 -0.233200 -0.951700
0.826400 -0.214800 0.520500
0.351100 -0.552300 0.756100
-0.353200 -0.471400 0.808100
-0.523700 0.837600 0.155400
-0.994300 0.008200 0.106500
0.194700 -0.548000 -0.813500
-0.659400 0.299900 0.689400
-0.320900 0.664500 -0.674900
-0.127100 -0.348800 -0.928500
-0.748700 0.603100 0.275100
0.189500 0.110300 -0.975700
0.419400 0.440200 0.793900
-0.063300 0.019900 -0.997800
0.232300 0.213800 -0.948900
-0.016100 0.990100 0.139700
0.119200 0.628300 0.768800
-0.029600 0.462600 0.886100
-0.381000 0.599000 0.704300
-0.169900 0.738800 0.652200
-0.000000 0.444000 0.896000
-0.797500 0.597600 0.082700
-0.486200 0.869900 0.083200
-0.485100 0.870300 0.084900
-0.447600 0.891600 0.068000
0.080600 0.034400 -0.996200
-0.475600 0.876600 0.073200
-0.436300 0.897800 0.059800
-0.437200 0.897500 0.058200
0.063700 -0.995000 0.077000
-0.000000 -1.000000 -0.000000
0.384300 0.278300 0.880300
-0.800200 0.278300 0.531300
-0.161100 0.071100 0.984400
-0.188200 -0.387700 0.902300
-0.292100 -0.577800 -0.762200
0.544400 0.694400 -0.470700
-0.301900 -0.056500 -0.951700
-0.599200 -0.608300 0.520500
-0.653900 -0.027900 0.756100
-0.231700 0.541600 0.808100
0.987200 0.034800 0.155400
0.504300 0.856900 0.106500
-0.571900 0.105400 -0.813500
0.589400 0.421100 0.689400
0.735900 -0.054400 -0.674900
-0.238500 0.284500 -0.928500
0.896700 0.346900 0.275100
0.000700 -0.219200 -0.975700
0.171500 -0.583300 0.793900
0.048800 0.044900 -0.997800
0.069000 -0.308100 -0.948900
0.865500 -0.481100 0.139700
0.484500 -0.417400 0.768800
0.415400 -0.205700 0.886100
0.709300 0.030500 0.704300
0.724700 -0.222300 0.652200
0.384500 -0.222000 0.896000
0.916300 0.391900 0.082700
0.996400 -0.013900 0.083200
0.996300 -0.015000 0.084900
0.996000 -0.058200 0.068000
-0.010500 -0.087000 -0.996200
0.997000 -0.026400 0.073200
0.995700 -0.071100 0.059800
0.995800 -0.070100 0.058200
-0.893500 0.442300 0.077000
-0.866000 0.500000 -0.000000
0.048900 -0.471900 0.880300
0.641100 0.553800 0.531300
0.142100 0.104000 0.984400
-0.241700 0.356900 0.902400
-0.354300 0.541800 -0.762200
0.329100 -0.818600 -0.470700
0.102000 0.289700 -0.951700
-0.227200 0.823000 0.520500
0.302700 0.580200 0.756100
0.584800 -0.070100 0.808100
-0.463500 -0.872300 0.155400
0.490000 -0.865200 0.106500
0.377300 0.442600 -0.813500
0.070000 -0.721000 0.689400
-0.415100 -0.610100 -0.674900
0.365600 0.064300 -0.928500
-0.147900 -0.950000 0.275100
-0.190200 0.109000 -0.975700
-0.591000 0.143100 0.793900
0.014400 -0.064700 -0.997800
-0.301300 0.094300 -0.948900
-0.849400 -0.509000 0.139700
-0.603700 -0.210900 0.768800
-0.385900 -0.256900 0.886100
-0.328200 -0.629500 0.704300
-0.554900 -0.516500 0.652200
-0.384500 -0.222000 0.896000
-0.118800 -0.989500 0.082700
-0.510300 -0.856000 0.083200
-0.511200 -0.855300 0.084900
-0.548400 -0.833500 0.068000
-0.070100 0.052600 -0.996200
-0.521300 -0.850200 0.073200
-0.559400 -0.826700 0.059800
-0.558600 -0.827400 0.058200
0.829800 0.552700 0.077000
0.866000 0.500000 -0.000000
-0.433100 0.193600 0.880300
0.159100 -0.832100 0.531300
120
0 0 1 2 0 1 2 1
0 3 4 1 3 4 1 1
0 5 3 1 5 3 1 1
0 6 5 2 6 5 2 1
0 4 6 2 4 6 2 1
0 2 7 4 2 7 4 1
0 1 4 7 1 4 7 1
0 1 0 5 1 0 5 1
0 2 5 0 2 5 0 1
0 2 1 7 2 1 7 1
0 8 9 10 8 9 10 1
0 11 12 9 11 12 9 1
0 13 11 9 13 11 9 1
0 14 13 10 14 13 10 1
0 12 14 10 12 14 10 1
0 10 15 12 10 15 12 1
0 9 12 15 9 12 15 1
0 9 8 13 9 8 13 1
0 10 13 8 10 13 8 1
0 10 9 15 10 9 15 1
0 16 17 18 16 17 18 1
0 19 20 17 19 20 17 1
0 21 19 17 21 19 17 1
0 22 21 18 22 21 18 1
0 20 22 18 20 22 18 1
0 18 23 20 18 23 20 1
0 17 20 23 17 20 23 1
0 17 16 21 17 16 21 1
0 18 21 16 18 21 16 1
0 18 17 23 18 17 23 1
0 24 25 26 24 25 26 1
0 27 28 29 27 28 29 1
0 30 31 32 30 31 32 1
0 25 33 34 33 33 33 1
0 34 33 35 34 35 36 1
0 35 33 36 36 35 37 1
0 37 36 33 38 37 35 1
0 30 27 29 30 27 29 1
0 38 29 28 39 29 28 1
0 38 39 29 39 40 29 1
0 40 39 41 41 40 42 1
0 40 42 43 41 43 44 1
0 33 24 37 35 24 38 1
0 42 37 24 45 45 46 1
0 43 42 31 44 43 31 1
0 24 31 42 47 48 48 1
0 43 31 39 44 31 40 1
0 39 31 29 40 31 29 1
0 24 33 25 24 35 25 1
0 30 29 31 30 29 31 1
0 37 44 36 38 49 37 1
0 44 37 45 50 51 52 1
0 38 41 39 39 42 40 1
0 40 43 39 41 44 40 1
0 40 45 42 41 53 43 1
0 37 42 45 54 55 56 1
0 25 34 26 57 58 59 1
0 30 32 27 30 32 27 1
0 26 34 46 60 58 58 1
0 27 32 47 27 32 58 1
0 48 49 50 61 62 63 1
0 51 52 53 64 65 66 1
0 54 55 56 67 68 69 1
0 49 57 58 70 70 70 1
0 58 57 59 71 72 73 1
0 59 57 60 73 72 74 1
0 61 60 57 75 74 72 1
0 54 51 53 67 64 66 1
0 62 53 52 76 66 65 1
0 62 63 53 76 77 66 1
0 64 63 65 78 77 79 1
0 64 66 67 78 80 81 1
0 57 48 61 72 61 75 1
0 66 61 48 82 82 83 1
0 67 66 55 81 80 68 1
0 48 55 66 84 85 85 1
0 67 55 63 81 68 77 1
0 63 55 53 77 68 66 1
0 48 57 49 61 72 62 1
0 54 53 55 67 66 68 1
0 61 68 60 75 86 74 1
0 68 61 69 87 88 89 1
0 62 65 63 76 79 77 1
0 64 67 63 78 81 77 1
0 64 69 66 78 90 80 1
0 61 66 69 91 92 93 1
0 49 58 50 94 95 96 1
0 54 56 51 67 69 64 1
0 50 58 70 97 95 95 1
0 51 56 71 64 69 95 1
0 72 73 74 98 99 100 1
0 75 76 77 101 102 103 1
0 78 79 80 104 105 106 1
0 73 81 82 107 107 107 1
0 82 81 83 108 109 110 1
0 83 81 84 110 109 111 1
0 85 84 81 112 111 109 1
0 78 75 77 104 101 103 1
0 86 77 76 113 103 102 1
0 86 87 77 113 114 103 1
0 88 87 89 115 114 116 1
0 88 90 91 115 117 118 1
0 81 72 85 109 98 112 1
0 90 85 72 119 119 120 1
0 91 90 79 118 117 105 1
0 72 79 90 121 122 122 1
0 91 79 87 118 105 114 1
0 87 79 77 114 105 103 1
0 72 81 73 98 109 99 1
0 78 77 79 104 103 105 1
0 85 92 84 112 123 111 1
0 92 85 93 124 125 126 1
0 86 89 87 113 116 114 1
0 88 91 87 115 118 114 1
0 88 93 90 115 127 117 1
0 85 90 93 128 129 130 1
0 73 82 74 131 132 133 1
0 78 80 75 104 106 101 1
0 74 82 94 134 132 132 1
0 75 80 95 101 106 132 1


Materials: 2
"default"
1.000000 1.000000 1.000000 1.000000
0.800000 0.800000 0.800000 1.000000
0.000000 0.000000 0.000000 1.000000
0.000000 0.000000 0.000000 1.000000
0.192000
1.000000
"_mine tex.png"
""
"ornate"
0.000000 0.000000 0.000000 1.000000
1.000000 1.000000 1.000000 1.000000
1.000000 1.000000 1.000000 1.000000
0.000000 0.000000 0.000000 1.000000
0.000000
1.000000
"_mine ornate.png"
""

Bones: 1
"joint1"
""
0 0 0 0 0 0 0
2
1.000000 0.000000 0.000000 0.000000
60.000000 0.000000 0.000000 0.000000
3
1.000000 0.000000 0.000000 0.000000
30.000000 0.000000 0.000000 -3.1
60.000000 0.000000 0.000000 -6.2

GroupComments: 0
MaterialComments: 0
BoneComments: 0
ModelComment: 0
