// MilkShape 3D ASCII

Frames: 30
Frame: 1

Meshes: 2
"default" 0 0
60
0 0.000000 -0.000000 -1.000000 0.259760 0.745184 0
0 -16.000000 -0.000000 -1.000000 0.264374 0.838210 0
0 -11.310000 -11.310000 -0.999999 0.396340 0.817748 0
0 0.000000 -0.000000 -1.000000 0.263136 0.745978 0
0 -11.310000 -11.310000 -0.999999 0.401350 0.816898 0
0 0.000000 -16.000000 -0.999999 0.447974 0.739831 0
0 0.000000 -0.000000 -1.000000 0.264770 0.744334 0
0 0.000000 -16.000000 -0.999999 0.444620 0.739853 0
0 11.310000 -11.310000 -0.999999 0.394199 0.671740 0
0 0.000000 -0.000000 -1.000000 0.263050 0.742712 0
0 11.310000 -11.310000 -0.999999 0.395833 0.670096 0
0 16.000000 -0.000000 -1.000000 0.262756 0.648100 0
0 0.000000 -0.000000 -1.000000 0.259611 0.739468 0
0 16.000000 -0.000000 -1.000000 0.260973 0.644029 0
0 11.310000 11.310000 -1.000001 0.114063 0.670305 0
0 0.000000 -0.000000 -1.000000 0.254623 0.741134 0
0 11.310000 11.310000 -1.000001 0.114084 0.671121 0
0 0.000000 16.000000 -1.000001 0.045592 0.745728 0
0 0.000000 -0.000000 -1.000000 0.251333 0.743605 0
0 0.000000 16.000000 -1.000001 0.049031 0.748972 0
0 -11.310000 11.310000 -1.000001 0.126797 0.819870 0
0 0.000000 -0.000000 -1.000000 0.256321 0.741940 0
0 -11.310000 11.310000 -1.000001 0.126861 0.822319 0
0 -16.000000 -0.000000 -1.000000 0.257730 0.840703 0
3 29.422066 0.009519 -0.944000 0.999500 0.250000 0
3 25.401829 14.852878 -0.944001 0.931249 0.124002 0
3 19.921448 0.009519 7.021670 0.838208 0.250000 0
3 17.189407 10.096647 7.021669 0.791826 0.164375 0
3 14.843359 25.411350 -0.944002 0.751997 0.034375 0
3 10.087127 17.198929 7.021668 0.671250 0.104087 0
3 -0.000001 29.431583 -0.944002 0.500000 0.000250 0
3 0.000000 19.930965 7.021668 0.500000 0.080896 0
3 -14.843361 25.411348 -0.944002 0.248003 0.034375 0
3 -10.087129 17.198925 7.021668 0.328750 0.104087 0
3 -25.401833 14.852878 -0.944001 0.068751 0.124002 0
3 -17.189411 10.096647 7.021669 0.208174 0.164375 0
3 -29.422066 0.009516 -0.944000 0.000500 0.250000 0
3 -19.921448 0.009519 7.021670 0.161792 0.250000 0
3 -25.401827 -14.833844 -0.943999 0.068751 0.375998 0
3 -17.189405 -10.077611 7.021671 0.208174 0.335625 0
3 -14.843357 -25.392317 -0.943998 0.248003 0.465625 0
3 -10.087127 -17.179895 7.021671 0.328750 0.395913 0
3 0.000004 -29.412546 -0.943998 0.500000 0.499750 0
3 0.000001 -19.911928 7.021671 0.500000 0.419104 0
3 14.843363 -25.392307 -0.943998 0.751997 0.465625 0
3 10.087130 -17.179886 7.021671 0.671250 0.395913 0
3 25.401833 -14.833840 -0.943999 0.931249 0.375998 0
3 17.189411 -10.077608 7.021671 0.791826 0.335625 0
3 10.420829 0.009516 -0.944000 0.676915 0.250000 0
3 8.976986 5.340415 -0.944000 0.652403 0.204748 0
3 5.330894 8.986506 -0.944001 0.590503 0.173799 0
3 0.000001 10.430347 -0.944001 0.500000 0.161543 0
3 -5.330897 8.986505 -0.944001 0.409497 0.173799 0
3 -8.976989 5.340414 -0.944000 0.347597 0.204748 0
3 -10.420829 0.009520 -0.944000 0.323085 0.250000 0
3 -8.976985 -5.321381 -0.944000 0.347597 0.295251 0
3 -5.330895 -8.967473 -0.943999 0.409497 0.326201 0
3 -0.000003 -10.411310 -0.943999 0.500000 0.338457 0
3 5.330898 -8.967464 -0.943999 0.590503 0.326201 0
3 8.976988 -5.321376 -0.944000 0.652403 0.295251 0
25
-0.000000 -0.000000 1.000000
0.642500 -0.000000 0.766300
0.556300 0.322200 0.766000
0.107000 -0.000000 0.994300
0.091300 0.052900 0.994400
0.322200 0.556300 0.766000
0.052900 0.091300 0.994400
-0.000000 0.642500 0.766300
-0.000000 0.107000 0.994300
-0.322200 0.556300 0.766000
-0.052900 0.091300 0.994400
-0.556300 0.322200 0.766000
-0.091300 0.052900 0.994400
-0.642500 -0.000000 0.766300
-0.107000 -0.000000 0.994300
-0.556300 -0.322200 0.766000
-0.091300 -0.052900 0.994400
-0.322200 -0.556300 0.766000
-0.052900 -0.091300 0.994400
-0.000000 -0.642500 0.766300
-0.000000 -0.107000 0.994300
0.322200 -0.556300 0.766000
0.052900 -0.091300 0.994400
0.556300 -0.322200 0.766000
0.091300 -0.052900 0.994400
56
0 0 1 2 0 0 0 1
0 3 4 5 0 0 0 1
0 6 7 8 0 0 0 1
0 9 10 11 0 0 0 1
0 12 13 14 0 0 0 1
0 15 16 17 0 0 0 1
0 18 19 20 0 0 0 1
0 21 22 23 0 0 0 1
3 24 25 26 1 2 3 1
3 25 27 26 2 4 3 1
3 25 28 27 2 5 4 1
3 28 29 27 5 6 4 1
3 28 30 29 5 7 6 1
3 30 31 29 7 8 6 1
3 30 32 31 7 9 8 1
3 32 33 31 9 10 8 1
3 32 34 33 9 11 10 1
3 34 35 33 11 12 10 1
3 34 36 35 11 13 12 1
3 36 37 35 13 14 12 1
3 36 38 37 13 15 14 1
3 38 39 37 15 16 14 1
3 38 40 39 15 17 16 1
3 40 41 39 17 18 16 1
3 40 42 41 17 19 18 1
3 42 43 41 19 20 18 1
3 42 44 43 19 21 20 1
3 44 45 43 21 22 20 1
3 44 46 45 21 23 22 1
3 46 47 45 23 24 22 1
3 46 24 47 23 1 24 1
3 24 26 47 1 3 24 1
3 26 27 48 3 4 13 1
3 27 49 48 4 15 13 1
3 27 29 49 4 6 15 1
3 29 50 49 6 17 15 1
3 29 31 50 6 8 17 1
3 31 51 50 8 19 17 1
3 31 33 51 8 10 19 1
3 33 52 51 10 21 19 1
3 33 35 52 10 12 21 1
3 35 53 52 12 23 21 1
3 35 37 53 12 14 23 1
3 37 54 53 14 1 23 1
3 37 39 54 14 16 1 1
3 39 55 54 16 2 1 1
3 39 41 55 16 18 2 1
3 41 56 55 18 5 2 1
3 41 43 56 18 20 5 1
3 43 57 56 20 7 5 1
3 43 45 57 20 22 7 1
3 45 58 57 22 9 7 1
3 45 47 58 22 24 9 1
3 47 59 58 24 11 9 1
3 47 26 59 24 3 11 1
3 26 48 59 3 13 11 1
"ornate" 0 1
24
3 0.000000 -0.000000 -0.896462 0.507218 0.505922 -1
3 -16.000000 -0.000000 -0.896462 0.251297 0.503249 -1
3 -11.310000 -11.310000 -0.896461 0.299299 0.685824 -1
3 0.000000 -0.000000 -0.896462 0.506984 0.507946 -1
3 -11.310000 -11.310000 -0.896461 0.301311 0.692764 -1
3 0.000000 -16.000000 -0.896460 0.501281 0.765500 -1
3 0.000000 -0.000000 -0.896462 0.507737 0.507382 -1
3 0.000000 -16.000000 -0.896460 0.501366 0.760918 -1
3 11.310000 -11.310000 -0.896461 0.682002 0.700110 -1
3 0.000000 -0.000000 -0.896462 0.508077 0.506719 -1
3 11.310000 -11.310000 -0.896461 0.686240 0.702535 -1
3 16.000000 -0.000000 -0.896462 0.749544 0.523447 -1
3 0.000000 -0.000000 -0.896462 0.508756 0.505893 -1
3 16.000000 -0.000000 -0.896462 0.749216 0.520262 -1
3 11.310000 11.310000 -0.896463 0.697689 0.317830 -1
3 0.000000 -0.000000 -0.896462 0.508587 0.505861 -1
3 11.310000 11.310000 -0.896463 0.695548 0.317763 -1
3 0.000000 16.000000 -0.896463 0.494263 0.219415 -1
3 0.000000 -0.000000 -0.896462 0.507729 0.506558 -1
3 0.000000 16.000000 -0.896463 0.494311 0.219774 -1
3 -11.310000 11.310000 -0.896463 0.305214 0.317586 -1
3 0.000000 -0.000000 -0.896462 0.507898 0.506590 -1
3 -11.310000 11.310000 -0.896463 0.298792 0.317385 -1
3 -16.000000 -0.000000 -0.896462 0.249968 0.502497 -1
1
-0.000000 -0.000000 1.000000
8
3 0 1 2 0 0 0 1
3 3 4 5 0 0 0 1
3 6 7 8 0 0 0 1
3 9 10 11 0 0 0 1
3 12 13 14 0 0 0 1
3 15 16 17 0 0 0 1
3 18 19 20 0 0 0 1
3 21 22 23 0 0 0 1

Materials: 2
"default"
1.000000 1.000000 1.000000 1.000000
0.800000 0.800000 0.800000 1.000000
0.000000 0.000000 0.000000 1.000000
0.000000 0.000000 0.000000 1.000000
0.192000
1.000000
"_mine tex.png"
""
"ornate"
0.000000 0.000000 0.000000 1.000000
1.000000 1.000000 1.000000 1.000000
1.000000 1.000000 1.000000 1.000000
0.000000 0.000000 0.000000 1.000000
0.000000
1.000000
"_mine ornate.png"
""

Bones: 1
"joint1"
""
0 0 0 0 0 0 0
2
1.000000 0.000000 0.000000 0.000000
120.000000 0.000000 0.000000 0.000000
3
1.000000 0.000000 0.000000 0.000000
60.000000 0.000000 0.000000 3.1
120.000000 0.000000 0.000000 6.2

GroupComments: 0
MaterialComments: 0
BoneComments: 0
ModelComment: 0
