// MilkShape 3D ASCII

Frames: 30
Frame: 1

Meshes: 5
"inkblack arrow mesh border of life" 0 0
106
3 0.000000 -5.137908 0.000000 0.000000 1.000000 -1
3 -9.660185 4.522276 -0.000000 1.000000 1.000000 -1
3 -11.510276 6.948467 -0.000000 1.000000 0.000000 -1
3 0.000846 -7.709101 0.000002 0.000000 0.000000 -1
3 9.660185 4.522276 -0.000000 0.000000 1.000000 -1
3 0.000000 -5.137908 0.000000 1.000000 1.000000 -1
3 0.000846 -7.709101 0.000002 1.000000 0.000000 -1
3 11.511969 6.948467 -0.000000 0.000000 0.000000 -1
3 -11.808359 3.167025 -0.000638 0.000000 1.000000 -1
3 0.000000 -8.641335 0.000690 1.000000 1.000000 -1
3 -11.510276 6.948467 -0.000000 0.000000 0.000000 -1
3 0.000000 -8.641335 0.000690 0.000000 1.000000 -1
3 11.808358 3.167025 0.001322 1.000000 1.000000 -1
3 11.511969 6.948467 -0.000000 1.000000 0.000000 -1
3 -8.816691 30.358658 -0.000008 0.999451 1.000549 -1
3 -10.627589 32.821732 -0.000008 1.000549 0.000549 -1
3 -11.251744 32.563202 -0.000008 0.000549 -0.000549 -1
3 -9.413133 30.111605 -0.000008 -0.000549 0.999451 -1
3 -9.413133 30.111605 -0.000008 0.999451 1.000549 -1
3 -11.251744 32.563202 -0.000008 1.000549 0.000549 -1
3 -11.510276 31.939047 -0.000008 0.000549 -0.000549 -1
3 -9.660185 29.515165 -0.000008 -0.000549 0.999451 -1
3 -9.660185 4.522276 -0.000000 0.000000 1.000000 -1
3 -9.660185 29.515165 -0.000008 1.000000 1.000000 -1
3 -11.510276 31.939047 -0.000008 1.000000 0.000000 -1
3 -8.816691 30.358658 -0.000008 0.000000 1.000000 -1
3 0.000000 30.358658 -0.000008 1.000000 1.000000 -1
3 0.000846 32.821732 -0.000008 1.000000 0.000000 -1
3 -10.627589 32.821732 -0.000008 0.000000 0.000000 -1
3 10.629295 32.821732 -0.000008 0.001833 -0.001826 -1
3 8.710303 30.358658 -0.000008 -0.001826 0.998167 -1
3 9.381970 30.080444 -0.000008 0.998167 1.001826 -1
3 11.253428 32.530594 -0.000008 1.001826 0.001833 -1
3 11.253428 32.530594 -0.000008 0.001833 -0.001826 -1
3 9.381970 30.080444 -0.000008 -0.001826 0.998167 -1
3 9.660185 29.408775 -0.000008 0.998167 1.001826 -1
3 11.511969 31.939068 -0.000008 1.001826 0.001833 -1
3 9.660185 29.408775 -0.000008 0.000000 1.000000 -1
3 9.660185 4.522276 -0.000000 1.000000 1.000000 -1
3 11.511969 31.939068 -0.000008 0.000000 0.000000 -1
3 0.000000 30.358658 -0.000008 0.000000 1.000000 -1
3 8.710303 30.358658 -0.000008 1.000000 1.000000 -1
3 10.629295 32.821732 -0.000008 1.000000 0.000000 -1
3 0.000846 32.821732 -0.000008 0.000000 0.000000 -1
3 17.845266 12.816108 0.008903 0.001833 -0.001826 -1
3 18.107325 9.593791 0.009567 -0.001826 0.998167 -1
3 18.728676 9.856913 0.011071 0.998167 1.001826 -1
3 18.495491 13.091455 0.010303 1.001826 0.001833 -1
3 18.495491 13.091455 0.010303 0.001833 -0.001826 -1
3 18.728676 9.856913 0.011071 -0.001826 0.998167 -1
3 19.351349 9.596938 0.013554 0.998167 1.001826 -1
3 19.147097 12.819401 0.012584 1.001826 0.001833 -1
3 11.808358 3.167025 0.001322 0.000000 1.000000 -1
3 18.107325 9.593791 0.009567 1.000000 1.000000 -1
3 17.845266 12.816108 0.008903 1.000000 0.000000 -1
3 -19.114504 12.850600 -0.000003 0.001833 -0.001826 -1
3 -19.321814 9.626741 0.000752 -0.001826 0.998167 -1
3 -18.728626 9.874414 0.000671 0.998167 1.001826 -1
3 -18.493755 13.109779 -0.000004 1.001826 0.001833 -1
3 -18.493755 13.109779 -0.000004 0.001833 -0.001826 -1
3 -18.728626 9.874414 0.000671 -0.001826 0.998167 -1
3 -18.136694 9.623753 0.000571 0.998167 1.001826 -1
3 -17.874317 12.847473 -0.000003 1.001826 0.001833 -1
3 -18.136694 9.623753 0.000571 0.000000 1.000000 -1
3 -11.808359 3.167025 -0.000638 1.000000 1.000000 -1
3 -17.874317 12.847473 -0.000003 0.000000 0.000000 -1
3 -31.977991 -2.259821 0.000001 0.001833 -0.001826 -1
3 -28.954491 -1.821586 0.001868 -0.001826 0.998167 -1
3 -29.309786 -0.965029 0.001893 0.998167 1.001826 -1
3 -32.349792 -1.363462 0.000000 1.001826 0.001833 -1
3 -32.349792 -1.363462 0.000000 0.001833 -0.001826 -1
3 -29.309786 -0.965029 0.001893 -0.001826 0.998167 -1
3 -28.958536 -0.106803 0.001847 0.998167 1.001826 -1
3 -31.982225 -0.465359 0.000000 1.001826 0.001833 -1
3 -28.958536 -0.106803 0.001847 0.000000 1.000000 -1
3 -19.321814 9.626741 0.000752 1.000000 1.000000 -1
3 -19.114504 12.850600 -0.000003 1.000000 0.000000 -1
3 -31.982225 -0.465359 0.000000 0.000000 0.000000 -1
3 -1.023354 -29.768257 -0.000589 0.999451 1.000549 -1
3 -1.070064 -33.184944 0.000010 1.000549 0.000549 -1
3 0.000847 -33.628773 0.000667 0.000549 -0.000549 -1
3 0.000006 -30.192383 0.000026 -0.000549 0.999451 -1
3 0.000006 -30.192383 0.000026 0.999451 1.000549 -1
3 0.000847 -33.628773 0.000667 1.000549 0.000549 -1
3 1.071759 -33.184948 0.002250 0.000549 -0.000549 -1
3 1.023367 -29.768261 0.001638 -0.000549 0.999451 -1
3 -1.023354 -29.768257 -0.000589 0.000000 1.000000 -1
3 -28.954491 -1.821586 0.001868 1.000000 1.000000 -1
3 -31.977991 -2.259821 0.000001 1.000000 0.000000 -1
3 -1.070064 -33.184944 0.000010 0.000000 0.000000 -1
3 28.777922 -1.998458 0.064468 1.000232 0.999768 -1
3 31.794924 -2.444906 0.066492 0.999768 -0.000232 -1
3 32.243610 -1.363211 0.066688 -0.000232 0.000232 -1
3 29.206688 -0.964795 0.064588 0.000232 1.000232 -1
3 29.206688 -0.964795 0.064588 1.000232 0.999768 -1
3 32.243610 -1.363211 0.066688 0.999768 -0.000232 -1
3 31.800037 -0.279417 0.063970 -0.000232 0.000232 -1
3 28.782810 0.070875 0.061575 0.000232 1.000232 -1
3 28.777922 -1.998458 0.064468 0.000000 1.000000 -1
3 1.023367 -29.768261 0.001638 1.000000 1.000000 -1
3 1.071759 -33.184948 0.002250 1.000000 0.000000 -1
3 31.794924 -2.444906 0.066492 0.000000 0.000000 -1
3 19.351349 9.596938 0.013554 0.000000 1.000000 -1
3 28.782810 0.070875 0.061575 1.000000 1.000000 -1
3 31.800037 -0.279417 0.063970 1.000000 0.000000 -1
3 19.147097 12.819401 0.012584 0.000000 0.000000 -1
30
-0.000000 -0.000000 1.000000
-0.000200 0.000200 1.000000
-0.000700 0.000100 1.000000
-0.000300 0.000200 1.000000
-0.000800 0.000300 1.000000
-0.002000 0.000100 1.000000
-0.001800 0.000100 1.000000
-0.003000 -0.000000 1.000000
-0.002900 0.001300 1.000000
-0.003400 0.000500 1.000000
-0.000100 0.000300 1.000000
-0.000300 0.000400 1.000000
0.000100 0.000200 1.000000
0.000100 0.000100 1.000000
-0.000400 -0.000200 1.000000
-0.000300 -0.000200 1.000000
-0.000600 -0.000000 1.000000
-0.000500 0.000400 1.000000
-0.000600 0.000300 1.000000
-0.000300 -0.000100 1.000000
-0.000400 0.000100 1.000000
-0.001100 0.000200 1.000000
-0.001600 -0.000000 1.000000
-0.001600 -0.000300 1.000000
-0.001200 -0.000300 1.000000
-0.001000 -0.000100 1.000000
-0.000600 0.001200 1.000000
-0.000500 0.001400 1.000000
-0.000900 0.002400 1.000000
-0.001900 0.002100 1.000000
56
3 0 1 2 0 0 0 1
3 0 2 3 0 0 1 1
3 4 5 6 0 0 1 1
3 4 6 7 0 1 2 1
3 8 9 6 0 3 1 1
3 8 6 10 0 1 0 1
3 11 12 13 3 4 2 1
3 11 13 3 3 2 1 1
3 14 15 16 0 0 0 1
3 14 16 17 0 0 0 1
3 18 19 20 0 0 0 1
3 18 20 21 0 0 0 1
3 22 23 24 0 0 0 1
3 22 24 10 0 0 0 1
3 25 26 27 0 0 0 1
3 25 27 28 0 0 0 1
3 29 30 31 0 0 0 1
3 29 31 32 0 0 0 1
3 33 34 35 0 0 0 1
3 33 35 36 0 0 0 1
3 37 38 13 0 0 2 1
3 37 13 39 0 2 0 1
3 40 41 42 0 0 0 1
3 40 42 43 0 0 0 1
3 44 45 46 5 6 7 1
3 44 46 47 5 7 7 1
3 48 49 50 7 7 8 1
3 48 50 51 7 8 9 1
3 52 53 54 4 6 5 1
3 52 54 7 4 5 2 1
3 55 56 57 10 11 12 1
3 55 57 58 10 12 12 1
3 59 60 61 12 12 13 1
3 59 61 62 12 13 13 1
3 63 64 2 13 0 0 1
3 63 2 65 13 0 13 1
3 66 67 68 14 15 16 1
3 66 68 69 14 16 16 1
3 70 71 72 16 16 17 1
3 70 72 73 16 17 18 1
3 74 75 76 17 11 10 1
3 74 76 77 17 10 18 1
3 78 79 80 19 20 21 1
3 78 80 81 19 21 21 1
3 82 83 84 21 21 22 1
3 82 84 85 21 22 23 1
3 86 87 88 19 15 14 1
3 86 88 89 19 14 20 1
3 90 91 92 24 25 26 1
3 90 92 93 24 26 27 1
3 94 95 96 27 26 28 1
3 94 96 97 27 28 29 1
3 98 99 100 24 23 22 1
3 98 100 101 24 22 25 1
3 102 103 104 8 29 28 1
3 102 104 105 8 28 9 1
"amethyst back" 0 1
25
0 0.000000 -6.000000 0.000000 0.281250 0.500000 -1
0 10.000000 4.000000 -0.000000 0.281250 0.500000 -1
0 0.000000 -1.757360 0.000001 0.130164 0.481917 -1
0 10.000000 30.500000 -0.000004 0.281250 0.500000 -1
0 7.000000 27.500000 -0.000003 0.016004 0.382888 -1
0 -10.000000 4.000000 -0.000000 0.281250 0.500000 -1
0 -7.000000 5.242640 0.000001 0.102693 0.580211 -1
0 -7.000000 27.500000 -0.000003 0.015750 0.579762 -1
0 0.000000 30.500000 -0.000004 0.281250 0.500000 -1
0 -10.000000 30.500000 -0.000004 0.281250 0.500000 -1
0 0.000000 27.500000 -0.000003 0.015877 0.481326 -1
0 25.757359 -1.000000 -0.000000 0.162918 0.224425 -1
0 18.500000 10.500000 -0.000002 0.281250 0.500000 -1
0 18.500000 6.257360 -0.000001 0.099703 0.294042 -1
0 0.000000 -12.242639 0.000001 0.148999 0.473090 -1
0 0.000000 -26.757359 0.000004 0.231552 0.473712 -1
0 0.000000 -31.000000 0.000004 0.000000 1.000000 -1
0 -30.000000 -1.000000 0.000000 0.281250 0.500000 -1
0 -25.757359 -1.000000 -0.000000 0.165064 0.723093 -1
0 -18.500000 10.500000 -0.000002 0.000000 1.000000 -1
0 -18.500000 6.257360 -0.000001 0.101398 0.655140 -1
0 7.000000 5.242640 0.000001 0.102947 0.383338 -1
0 0.000000 -8.000000 0.000002 0.000000 1.000000 -1
0 0.000000 -26.757359 0.000004 0.232057 0.472028 -1
0 30.000000 -1.000000 0.000000 0.281250 0.500000 -1
1
-0.000000 -0.000000 1.000000
24
0 0 1 2 0 0 0 1
0 3 4 1 0 0 0 1
0 0 2 5 0 0 0 1
0 5 6 7 0 0 0 1
0 8 9 7 0 0 0 1
0 8 10 4 0 0 0 1
0 11 12 13 0 0 0 1
0 13 12 14 0 0 0 1
0 11 15 16 0 0 0 1
0 17 16 18 0 0 0 1
0 18 19 17 0 0 0 1
0 20 14 19 0 0 0 1
0 4 3 8 0 0 0 1
0 7 10 8 0 0 0 1
0 7 9 5 0 0 0 1
0 4 21 1 0 0 0 1
0 1 21 2 0 0 0 1
0 2 6 5 0 0 0 1
0 12 22 14 0 0 0 1
0 14 22 19 0 0 0 1
0 19 18 20 0 0 0 1
0 16 23 18 0 0 0 1
0 16 24 11 0 0 0 1
0 12 11 24 0 0 0 1
"default" 0 1
162
0 -18.500000 6.257360 7.307827 0.084477 0.359656 -1
0 0.000000 -12.242639 7.307828 0.082441 0.569002 -1
0 0.000000 -11.263569 6.845361 0.095921 0.559387 -1
0 -18.500000 7.236432 6.845358 0.097957 0.350041 -1
0 0.000000 -27.736431 6.845363 0.248976 0.657752 -1
0 26.736431 -1.000000 6.845359 0.248976 0.358078 -1
0 25.757359 -0.999999 7.307827 0.238558 0.363565 -1
0 0.000000 -26.757359 7.307831 0.238558 0.652265 -1
0 26.736431 -1.000000 6.845359 0.242288 0.341739 -1
0 18.500000 7.236432 6.845358 0.160478 0.344095 -1
0 18.500000 6.257360 7.307827 0.165388 0.364791 -1
0 25.757359 -0.999999 7.307827 0.237473 0.362715 -1
0 -25.757359 -0.999999 7.307827 0.009533 0.360974 -1
0 -18.500000 6.257360 7.307827 0.083702 0.361207 -1
0 -18.500000 7.236432 6.845358 0.097182 0.351591 -1
0 -26.736431 -1.000000 6.845359 0.008807 0.335815 -1
0 18.500000 7.236432 6.845358 0.154839 0.354678 -1
0 0.000000 -11.263569 6.845361 0.154715 0.565231 -1
0 0.000000 -12.242639 7.307828 0.165130 0.570805 -1
0 18.500000 6.257360 7.307827 0.165254 0.360252 -1
0 0.000000 -27.736431 6.845363 0.718819 0.902438 -1
0 26.736431 -1.000000 6.845359 0.718819 0.503094 -1
0 0.000000 -26.757359 7.307831 0.010120 0.649281 -1
0 -25.757359 -0.999999 7.307827 0.010120 0.364670 -1
0 -26.736431 -1.000000 6.845359 0.000969 0.325621 -1
0 0.000000 -26.757359 7.307831 0.001594 0.325290 -1
0 -26.736431 -1.000000 6.845359 0.000969 0.635660 -1
0 0.000000 -27.736431 6.845363 0.008720 0.644925 -1
0 0.000000 -30.271166 2.535104 0.281250 0.500000 -1
0 0.000000 -31.000000 0.000004 0.281250 0.500000 -1
0 30.000000 -1.000000 0.000000 0.281250 0.500000 -1
0 29.271166 -1.000000 2.535100 0.281250 0.500000 -1
0 18.500000 9.771165 2.535098 0.281250 0.500000 -1
0 18.500000 10.500000 -0.000002 0.281250 0.500000 -1
0 0.000000 -8.000000 -0.192168 0.281250 0.500000 -1
0 0.000000 -8.728835 2.535102 0.281250 0.500000 -1
0 -18.500000 10.500000 -0.192171 0.281250 0.500000 -1
0 -18.500000 9.771165 2.535098 0.281250 0.500000 -1
0 -29.271166 -1.000000 2.535100 0.281250 0.500000 -1
0 -18.500000 10.500000 -0.000002 0.281250 0.500000 -1
0 -30.000000 -1.000000 0.000000 0.281250 0.500000 -1
0 0.000000 -8.000000 0.000002 0.281250 0.500000 -1
0 7.692307 4.955877 6.871990 0.178460 0.542777 -1
0 7.692307 28.192308 6.871986 0.178351 0.359263 -1
0 7.000000 27.500000 7.334455 0.173366 0.364735 -1
0 7.000000 5.242640 7.334458 0.173471 0.540518 -1
0 0.000000 28.192308 6.871986 0.124760 0.350469 -1
0 -7.692307 28.192308 6.871986 0.067988 0.351423 -1
0 0.000000 27.500000 7.334455 0.124811 0.362751 -1
0 -7.692307 28.192308 6.871986 0.074201 0.366139 -1
0 -7.692307 4.955877 6.871990 0.074565 0.541717 -1
0 -7.000000 5.242640 7.334458 0.063088 0.544790 -1
0 -7.000000 27.500000 7.334455 0.063295 0.332473 -1
0 -7.692307 4.955877 6.871990 0.123893 0.592982 -1
0 0.000000 -2.736429 6.871991 0.074624 0.538714 -1
0 -7.000000 5.242640 7.334458 0.121396 0.605064 -1
0 0.000000 -2.736429 6.871991 0.124658 0.609202 -1
0 7.692307 4.955877 6.871990 0.178778 0.550447 -1
0 7.000000 5.242640 7.334458 0.173496 0.539471 -1
0 0.000000 -1.757360 7.334459 0.123820 0.593783 -1
0 7.692307 28.192308 6.871986 0.179110 0.352600 -1
0 0.000000 28.192308 6.871986 0.123683 0.352163 -1
0 0.000000 27.500000 7.334455 0.123764 0.364971 -1
0 7.000000 27.500000 7.334455 0.173023 0.365155 -1
0 -7.000000 27.500000 7.334455 0.073149 0.363619 -1
0 0.000000 -2.736429 6.871991 0.718819 0.529030 -1
0 7.692307 4.955877 6.871990 0.718819 0.416353 -1
0 7.692307 4.955877 6.871990 0.718819 0.414135 -1
0 0.000000 -5.271165 2.561733 0.718819 0.559317 -1
0 0.000000 -5.271165 2.561733 0.718819 0.566889 -1
0 9.484635 4.213471 1.239367 0.718819 0.425224 -1
0 -7.692307 4.955877 6.871990 0.618249 0.423006 -1
0 -9.484635 4.213471 2.561732 0.618249 0.425224 -1
0 0.000000 -5.271165 2.561733 0.618249 0.566889 -1
0 0.000000 -5.271165 2.561733 0.618249 0.559317 -1
0 -7.692307 28.192308 6.871986 0.499916 0.045651 -1
0 -9.484635 29.984636 2.561728 0.499916 0.040297 -1
0 -9.484635 4.213471 2.561732 0.499916 0.425224 -1
0 -9.484635 4.213471 2.561732 0.281250 0.500000 -1
0 0.000000 -6.000000 0.000000 0.281250 0.500000 -1
0 0.000000 -5.271165 2.561733 0.281250 0.500000 -1
0 -9.484635 29.984636 2.561728 0.281250 0.500000 -1
0 -10.000000 30.500000 -0.000004 0.281250 0.500000 -1
0 -10.000000 4.000000 -0.000000 0.281250 0.500000 -1
0 9.484635 29.984636 2.561728 0.281250 0.500000 -1
0 10.000000 30.500000 -0.000004 0.281250 0.500000 -1
0 0.000000 29.984636 2.561728 0.281250 0.500000 -1
0 9.484635 4.213471 2.561732 0.281250 0.500000 -1
0 10.000000 4.000000 -0.000000 0.281250 0.500000 -1
0 0.000000 30.500000 -0.000004 0.281250 0.500000 -1
0 0.000000 -5.271165 2.561733 0.918038 0.572338 -1
0 9.484635 4.213471 2.561732 0.918038 0.438245 -1
0 7.692307 4.955877 6.871990 0.918038 0.436027 -1
0 -7.692307 28.192308 6.871986 0.321729 0.046089 -1
0 0.000000 28.192308 6.871986 0.321729 0.046089 -1
0 0.000000 29.984636 2.561728 0.321729 0.030026 -1
0 0.000000 28.192308 6.871986 0.497510 0.067068 -1
0 -7.692307 28.192308 6.871986 0.497510 0.061714 -1
0 -7.692307 28.192308 6.871986 0.497510 0.067068 -1
0 -7.692307 4.955877 6.871990 0.618249 0.416353 -1
0 0.000000 -2.736429 6.871991 0.618249 0.536601 -1
0 0.000000 -2.736429 6.871991 0.918038 0.549622 -1
0 7.692307 4.955877 6.871990 0.866435 0.423006 -1
0 9.484635 4.213471 2.561732 0.866435 0.425224 -1
0 9.484635 29.984636 2.561728 0.866435 0.040297 -1
0 7.692307 28.192308 6.871986 0.866435 0.045651 -1
0 7.692307 28.192308 6.871986 0.321729 0.030026 -1
0 9.484635 29.984636 2.561728 0.321729 0.024672 -1
0 0.000000 29.984636 2.561728 0.321729 0.024672 -1
0 18.500000 7.236432 6.845358 0.423246 0.380072 -1
0 0.000000 -11.263569 6.845361 0.423246 0.648822 -1
0 0.000000 -11.263570 5.549628 0.423246 0.656394 -1
0 29.271166 -1.000000 2.535100 0.615625 0.503094 -1
0 18.500000 9.771165 2.535098 0.615625 0.342212 -1
0 18.500000 7.236432 6.845358 0.615625 0.349784 -1
0 -18.500000 7.236432 6.845358 0.518298 0.291530 -1
0 -26.736431 -1.000000 6.845359 0.518298 0.414552 -1
0 -26.736431 -1.000000 5.549626 0.518298 0.414552 -1
0 -18.500000 7.236432 6.845358 0.393949 0.166190 -1
0 -18.500000 9.771165 2.535098 0.393949 0.158618 -1
0 -29.271166 -1.000000 2.535100 0.393949 0.319500 -1
0 -26.736431 -1.000000 6.845359 0.393949 0.319500 -1
0 0.000000 -27.736431 6.845363 0.822335 0.901475 -1
0 0.000000 -30.271166 2.535104 0.822335 0.909047 -1
0 29.271166 -1.000000 2.535100 0.822335 0.636716 -1
0 -26.736431 -1.000000 6.845359 0.703464 0.645819 -1
0 -29.271166 -1.000000 2.535100 0.703464 0.645819 -1
0 0.000000 -27.736431 6.845363 0.702233 0.932725 -1
0 26.736431 -1.000000 6.845359 0.615625 0.503094 -1
0 0.000000 -8.728835 2.535102 0.858125 0.640670 -1
0 -18.500000 9.771165 2.535098 0.661882 0.364348 -1
0 -18.500000 7.236432 6.845358 0.661882 0.371920 -1
0 0.000000 -11.263569 6.845361 0.858125 0.648242 -1
0 0.000000 -30.271166 2.535104 0.702233 0.940297 -1
0 18.500000 7.236432 6.845358 0.451328 0.398298 -1
0 18.500000 9.771165 2.535098 0.453424 0.391992 -1
0 0.000000 -8.728835 2.535102 0.376934 0.622103 -1
0 0.000000 -11.263569 6.845361 0.374838 0.628409 -1
0 0.000000 -27.736431 6.845363 0.927152 0.919704 -1
0 29.271166 -1.000000 2.535100 0.927152 0.654945 -1
0 26.736431 -1.000000 6.845359 0.927152 0.654945 -1
0 0.000000 -27.736431 6.845363 0.927152 0.889417 -1
0 0.000000 -27.736431 6.845363 0.927152 0.896989 -1
0 26.736431 -1.000000 6.845359 0.927152 0.490073 -1
0 -9.484635 29.984636 2.561728 0.321729 0.024672 -1
0 -7.692307 28.192308 6.871986 0.321729 0.030026 -1
0 -7.692307 4.955877 6.871990 0.546791 0.411531 -1
0 0.000000 -1.757360 7.334459 0.073494 0.551292 -1
0 0.000000 -12.242639 7.307828 0.165737 0.567979 -1
0 0.000000 -26.757359 7.307831 0.237902 0.648162 -1
0 18.500000 6.257360 7.307827 0.165737 0.363581 -1
0 -18.500000 6.257360 7.307827 0.082310 0.363581 -1
0 0.000000 -26.757359 7.307831 0.010145 0.648162 -1
0 0.000000 -12.242639 7.307828 0.082310 0.567979 -1
0 -25.757359 -0.999999 7.307827 0.010145 0.363581 -1
0 0.000000 -1.757360 7.334459 0.124023 0.593808 -1
0 0.000000 27.500000 7.334455 0.124023 0.365234 -1
0 -7.000000 27.500000 7.334455 0.074805 0.365234 -1
0 -7.000000 5.242640 7.334458 0.074805 0.539120 -1
0 7.000000 5.242640 7.334458 0.173242 0.539120 -1
0 7.000000 27.500000 7.334455 0.173242 0.365234 -1
0 25.757359 -0.999999 7.307827 0.237902 0.363581 -1
103
0.215900 0.272000 0.937800
-0.015900 0.430600 0.902400
-0.012300 0.737800 0.674900
0.010000 0.442900 0.896500
0.387100 -0.402400 0.829600
0.661300 -0.000100 0.750100
0.695000 0.010700 0.718900
0.379600 -0.395200 0.836500
-0.000000 0.827500 0.561400
-0.016000 0.661900 0.749400
-0.749600 0.439700 0.494700
-0.650500 0.672000 0.354000
-0.707000 -0.707200 -0.000000
-0.000000 -0.000000 1.000000
0.707100 0.707100 -0.000000
-0.062000 -0.078300 0.995000
-0.641500 -0.677300 0.360300
-0.392800 -0.392800 0.831500
0.649900 -0.648600 0.396300
0.651000 -0.647400 0.396300
0.852900 -0.000000 0.522100
0.856200 0.023100 0.516100
-0.214600 0.772400 0.597800
-0.004600 0.852800 0.522200
0.635700 0.664200 0.393300
0.652900 0.652900 0.383900
0.632600 0.667600 0.392500
0.653000 0.652900 0.383900
-0.652600 -0.652600 0.385100
-0.651100 -0.647400 0.396200
-0.651100 -0.650800 0.390600
-0.649800 0.648500 0.396400
-0.651000 0.647300 0.396400
-0.647300 0.651000 0.396400
-0.648500 0.649800 0.396400
-0.648900 -0.649500 0.396300
-0.647400 -0.651000 0.396300
-0.649700 -0.648700 0.396300
-0.650700 0.647500 0.396500
0.020600 0.805500 0.592300
0.307300 -0.126700 0.943100
0.520100 0.521700 0.676300
0.070400 0.070400 0.995000
0.504300 -0.218500 0.835500
-0.000000 0.772600 0.634800
-0.157900 0.158500 0.974700
-0.033700 0.551000 0.833800
-0.485200 -0.201000 0.851000
-0.501300 -0.213500 0.838500
-0.070800 0.039500 0.996700
-0.000000 -0.736500 0.676500
0.005000 -0.050700 0.998700
-0.706300 -0.706200 -0.048900
-0.842500 -0.348900 0.410400
-0.842500 -0.349000 0.410400
-0.071200 -0.071100 0.994900
-0.570000 0.757600 -0.318100
0.593200 -0.788800 0.161100
-0.449400 0.451700 0.770700
-0.923400 -0.000000 0.384000
-0.650300 -0.649500 0.394000
-0.651600 -0.648300 0.394000
-0.650500 -0.649300 0.394000
-0.604200 0.604200 0.519500
-0.604100 0.604100 0.519700
-0.838000 -0.347100 0.421000
-0.841900 -0.337400 0.421100
0.606900 0.606900 0.513100
0.604200 0.604300 0.519400
-0.000100 0.919800 0.392400
0.595200 -0.688100 0.415000
0.846200 -0.251800 0.469600
0.850100 -0.334300 0.406900
-0.000000 0.919000 0.394200
0.366100 -0.572100 0.733900
0.635300 -0.741700 0.215300
0.268300 -0.469400 0.841200
0.652900 -0.652900 0.384000
0.659300 -0.273100 0.700600
-0.451700 0.449500 0.770700
-0.000000 0.923400 0.384000
1.000000 0.000100 -0.000000
-1.000000 -0.000000 -0.000000
-0.841800 -0.350500 0.410400
-0.000000 -0.739200 0.673400
0.523400 0.521700 0.673700
-0.706900 -0.706900 -0.024400
0.707100 -0.707100 -0.000000
-0.000000 0.862000 0.506900
-0.706000 -0.706000 -0.054800
0.001700 0.862000 0.507000
-0.652900 0.652900 0.384000
-0.637200 -0.001600 0.770700
0.421200 -0.421200 0.803300
-0.637300 0.001600 0.770600
-0.401400 -0.453100 0.796000
0.639400 -0.000000 0.768800
0.652900 0.652900 0.384000
-0.001700 0.862000 0.506900
-0.000000 0.533400 0.845900
-0.400000 -0.454000 0.796200
-0.707100 -0.707100 -0.000000
0.707000 0.707200 -0.000000
90
0 0 1 2 0 1 2 1
0 0 2 3 0 2 3 1
0 4 5 6 4 5 6 1
0 4 6 7 4 6 7 1
0 8 9 10 5 8 9 1
0 8 10 11 5 9 6 1
0 12 13 14 10 0 3 1
0 12 14 15 10 3 11 1
0 16 17 18 8 2 1 1
0 16 18 19 8 1 9 1
0 20 21 21 12 13 14 1
0 22 23 24 15 10 16 1
0 25 26 27 15 16 17 1
0 28 29 30 18 19 20 1
0 28 30 31 18 20 21 1
0 32 33 34 22 23 24 1
0 35 34 36 25 26 27 1
0 35 36 37 25 27 25 1
0 31 30 33 21 20 23 1
0 31 33 32 21 23 22 1
0 38 29 28 28 29 30 1
0 37 39 40 31 32 33 1
0 37 40 38 31 33 34 1
0 38 40 29 35 36 37 1
0 32 41 35 22 38 39 1
0 42 43 44 40 41 42 1
0 42 44 45 40 42 43 1
0 46 47 48 44 45 46 1
0 49 50 51 45 47 48 1
0 49 51 52 45 48 49 1
0 53 54 55 47 50 48 1
0 56 57 58 50 40 43 1
0 56 58 59 50 43 51 1
0 60 61 62 41 44 46 1
0 60 62 63 41 46 42 1
0 47 64 48 45 49 46 1
0 65 66 67 12 13 14 1
0 68 69 70 13 52 13 1
0 71 72 73 53 54 55 1
0 71 73 74 56 13 57 1
0 75 76 77 58 59 54 1
0 78 79 80 60 61 62 1
0 81 82 83 63 64 65 1
0 81 83 78 63 65 66 1
0 84 85 86 67 68 69 1
0 78 83 79 66 65 70 1
0 87 88 85 71 72 68 1
0 87 85 84 71 68 67 1
0 86 89 82 69 73 64 1
0 86 82 81 69 64 63 1
0 80 79 88 74 75 72 1
0 80 88 87 74 72 71 1
0 90 91 92 76 77 78 1
0 93 94 95 79 44 80 1
0 96 97 98 81 13 82 1
0 99 74 100 83 76 84 1
0 101 90 92 84 76 78 1
0 102 103 104 78 71 67 1
0 102 104 105 78 67 85 1
0 106 107 108 85 67 69 1
0 109 110 111 86 87 87 1
0 112 113 114 21 22 88 1
0 115 116 117 89 87 87 1
0 118 119 120 90 91 91 1
0 118 120 121 90 91 92 1
0 122 123 124 93 77 77 1
0 125 126 127 94 28 95 1
0 128 112 114 96 21 88 1
0 129 130 131 39 97 98 1
0 132 129 131 99 39 98 1
0 126 133 127 28 30 95 1
0 134 135 136 88 22 39 1
0 134 136 137 88 39 99 1
0 138 139 140 100 21 96 1
0 141 142 143 13 101 102 1
0 85 89 86 68 73 69 1
0 108 144 145 80 80 79 1
0 108 145 95 80 79 80 1
0 106 108 95 41 80 80 1
0 106 95 94 41 80 44 1
0 146 75 77 53 58 54 1
0 54 147 55 50 51 48 1
0 148 149 150 1 15 9 1
0 151 152 153 0 15 1 1
0 151 154 152 0 10 15 1
0 155 156 157 51 46 49 1
0 155 157 158 51 49 48 1
0 159 160 155 43 42 51 1
0 149 161 150 15 6 9 1
0 160 156 155 42 46 51 1
"ornate" 0 2
16
3 -0.022512 -11.803810 7.400002 0.500567 0.667573 -1
3 -0.022512 -26.379761 7.400004 0.500036 0.941116 -1
3 18.555531 6.774233 7.400000 0.791078 0.381965 -1
3 -18.600555 6.774233 7.400000 0.211489 0.379142 -1
3 -0.022512 -26.379761 7.400004 0.500124 0.941180 -1
3 -0.022512 -11.803810 7.400002 0.500028 0.667333 -1
3 -18.600555 6.774233 7.400000 0.211741 0.378561 -1
3 -25.888529 -0.513742 7.400000 0.076586 0.518610 -1
3 -0.022512 -26.379761 7.400004 0.499835 0.940761 -1
3 -0.022512 -1.981717 7.400000 0.501032 0.548373 -1
3 -0.022512 27.399065 7.399996 0.459762 0.052250 -1
3 -7.052042 27.399065 7.399996 0.371836 0.052250 -1
3 -7.052042 5.047813 7.400000 0.370913 0.419948 -1
3 7.007018 5.047813 7.400000 0.629668 0.423847 -1
3 7.007018 27.399065 7.399996 0.628618 0.052659 -1
3 25.843506 -0.513742 7.400000 0.927964 0.517773 -1
1
-0.000000 -0.000000 1.000000
8
3 0 1 2 0 0 0 1
3 3 4 5 0 0 0 1
3 6 7 8 0 0 0 1
3 9 10 11 0 0 0 1
3 9 11 12 0 0 0 1
3 13 14 9 0 0 0 1
3 1 15 2 0 0 0 1
3 14 10 9 0 0 0 1
"shine" 0 3
16
0 -0.022612 -11.856030 7.500002 0.538104 0.602952 -1
0 -0.022612 -26.496466 7.500004 0.801862 0.710253 -1
0 18.637621 6.804203 7.500000 0.509589 0.452900 -1
0 -18.682844 6.804203 7.500000 0.505432 0.453425 -1
0 -0.022612 -26.496466 7.500004 0.237131 0.713558 -1
0 -0.022612 -11.856030 7.500002 0.489518 0.604400 -1
0 -18.682844 6.804203 7.500000 0.506186 0.453225 -1
0 -26.003059 -0.516015 7.500000 0.260069 0.492129 -1
0 -0.022612 -26.496466 7.500004 0.237266 0.713355 -1
0 -0.022612 -1.990484 7.500000 0.501032 0.520499 -1
0 -0.022612 27.520279 7.499996 0.459762 0.292078 -1
0 -7.083241 27.520279 7.499996 0.371836 0.292078 -1
0 -7.083241 5.070144 7.500000 0.370913 0.461370 -1
0 7.038017 5.070144 7.500000 0.629668 0.463166 -1
0 7.038017 27.520279 7.499996 0.628618 0.292266 -1
0 25.957836 -0.516015 7.500000 0.757313 0.488190 -1
1
-0.000000 -0.000000 1.000000
8
0 0 1 2 0 0 0 1
0 3 4 5 0 0 0 1
0 6 7 8 0 0 0 1
0 9 10 11 0 0 0 1
0 9 11 12 0 0 0 1
0 13 14 9 0 0 0 1
0 1 15 2 0 0 0 1
0 14 10 9 0 0 0 1

Materials: 4
"outline"
1.000000 1.000000 1.000000 1.000000
0.800000 0.800000 0.800000 1.000000
0.500000 0.500000 0.500000 1.000000
0.000000 0.000000 0.000000 1.000000
0.192000
1.000000
"border_of_life.png"
""
"default"
1.000000 1.000000 1.000000 1
0 0 0 1
0.500000 0.500000 0.500000 1
0.000000 0.000000 0.000000 1
0.999999
1.000000
"texcher_4th.png"
""
"ornate"
1.000000 1.000000 1.000000 1
0 0 0 1
0.500000 0.500000 0.500000 1
0.000000 0.000000 0.000000 1
250.000000
1.000000
"ornate_4th.png"
""
"shine"
1.000000 1.000000 1.000000 1
0 0 0 1
0.500000 0.500000 0.500000 1
0.000000 0.000000 0.000000 1
250.000000
1.000000
"shine_4th.png"
""

Bones: 0
GroupComments: 0
MaterialComments: 0
BoneComments: 0
ModelComment: 0